0	1106315.200000
1	1074645.620013
2	1040641.132143
3	1004378.949783
4	966006.088195
5	925745.837929
6	883900.342471
7	840847.969627
8	797034.487813
9	752957.665767
10	709145.771975
11	666131.439760
12	624423.290557
13	584478.339760
14	546678.346853
15	511312.820347
16	478570.409329
17	448539.118851
18	421214.476589
19	396513.745670
20	374293.717086
21	354369.571791
22	336532.687278
23	320565.902632
24	306255.460708
25	293399.466316
26	281813.150560
27	271331.492912
28	261809.848700
29	253123.207033
30	245164.612523
31	237843.164543
32	231081.888447
33	224815.670038
34	218989.363828
35	213556.127445
36	208475.995853
37	203714.685534
38	199242.606198
39	195034.052356
40	191066.546405
41	187320.306754
42	183777.817624
43	180423.480668
44	177243.331978
45	174224.811134
46	171356.571610
47	168628.324059
48	166030.705816
49	163555.171371
50	161193.899719
51	158939.715380
52	156786.020563
53	154726.736497
54	152756.252354
55	150869.380526
56	149061.317241
57	147327.607724
58	145664.115234
59	144066.993448
60	142532.661743
61	141057.782995
62	139639.243595
63	138274.135408
64	136959.739458
65	135693.511126
66	134473.066718
67	133296.171241
68	132160.727259
69	131064.764732
70	130006.431718
71	128983.985878
72	127995.786678
73	127040.288248
74	126116.032813
75	125221.644661
76	124355.824587
77	123517.344773
78	122705.044072
79	121917.823643
80	121154.642931
81	120414.515940
82	119696.507782
83	118999.731487
84	118323.345041
85	117666.548631
86	117028.582099
87	116408.722563
88	115806.282211
89	115220.606245
90	114651.070966
91	114097.081987
92	113558.072569
93	113033.502062
94	112522.854455
95	112025.637017
96	111541.379021
97	111069.630560
98	110609.961428
99	110161.960076
100	109725.232631
101	109299.401978
102	108884.106895
103	108479.001240
104	108083.753189
105	107698.044520
106	107321.569934
107	106954.036418
108	106595.162652
109	106244.678437
110	105902.324162
111	105567.850307
112	105241.016962
113	104921.593381
114	104609.357556
115	104304.095818
116	104005.602458
117	103713.679365
118	103428.135688
119	103148.787514
120	102875.457561
121	102607.974892
122	102346.174636
123	102089.897730
124	101838.990671
125	101593.305283
126	101352.698489
127	101117.032103
128	100886.172625
129	100659.991053
130	100438.362696
131	100221.167002
132	100008.287391
133	99799.611099
134	99595.029026
135	99394.435594
136	99197.728606
137	99004.809120
138	98815.581324
139	98629.952411
140	98447.832474
141	98269.134391
142	98093.773723
143	97921.668614
144	97752.739697
145	97586.910004
146	97424.104877
147	97264.251883
148	97107.280740
149	96953.123236
150	96801.713156
151	96652.986213
152	96506.879983
153	96363.333835
154	96222.288872
155	96083.687875
156	95947.475238
157	95813.596923
158	95682.000397
159	95552.634592
160	95425.449847
161	95300.397868
162	95177.431680
163	95056.505587
164	94937.575124
165	94820.597026
166	94705.529182
167	94592.330602
168	94480.961381
169	94371.382664
170	94263.556613
171	94157.446376
172	94053.016055
173	93950.230680
174	93849.056176
175	93749.459337
176	93651.407801
177	93554.870025
178	93459.815258
179	93366.213517
180	93274.035568
181	93183.252900
182	93093.837704
183	93005.762854
184	92919.001888
185	92833.528986
186	92749.318952
187	92666.347196
188	92584.589721
189	92504.023098
190	92424.624457
191	92346.371467
192	92269.242324
193	92193.215734
194	92118.270898
195	92044.387502
196	91971.545701
197	91899.726105
198	91828.909770
199	91759.078182
200	91690.213251
201	91622.297291
202	91555.313017
203	91489.243532
204	91424.072315
205	91359.783211
206	91296.360424
207	91233.788506
208	91172.052348
209	91111.137169
210	91051.028514
211	90991.712236
212	90933.174497
213	90875.401756
214	90818.380760
215	90762.098540
216	90706.542402
217	90651.699920
218	90597.558932
219	90544.107526
220	90491.334045
221	90439.227071
222	90387.775423
223	90336.968152
224	90286.794533
225	90237.244061
226	90188.306446
227	90139.971608
228	90092.229669
229	90045.070951
230	89998.485972
231	89952.465438
232	89907.000242
233	89862.081456
234	89817.700331
235	89773.848289
236	89730.516920
237	89687.697982
238	89645.383390
239	89603.565218
240	89562.235693
241	89521.387192
242	89481.012240
243	89441.103502
244	89401.653786
245	89362.656036
246	89324.103328
247	89285.988871
248	89248.306002
249	89211.048180
250	89174.208988
251	89137.782131
252	89101.761426
253	89066.140807
254	89030.914320
255	88996.076120
256	88961.620468
257	88927.541730
258	88893.834377
259	88860.492975
260	88827.512193
261	88794.886794
262	88762.611634
263	88730.681661
264	88699.091915
265	88667.837523
266	88636.913696
267	88606.315734
268	88576.039015
269	88546.079001
270	88516.431231
271	88487.091325
272	88458.054974
273	88429.317949
274	88400.876089
275	88372.725309
276	88344.861589
277	88317.280982
278	88289.979605
279	88262.953644
280	88236.199346
281	88209.713023
282	88183.491051
283	88157.529862
284	88131.825952
285	88106.375872
286	88081.176233
287	88056.223700
288	88031.514993
289	88007.046888
290	87982.816212
291	87958.819844
292	87935.054714
293	87911.517803
294	87888.206138
295	87865.116797
296	87842.246903
297	87819.593627
298	87797.154184
299	87774.925832
300	87752.905876
301	87731.091662
302	87709.480576
303	87688.070048
304	87666.857547
305	87645.840583
306	87625.016703
307	87604.383493
308	87583.938577
309	87563.679615
310	87543.604304
311	87523.710375
312	87503.995595
313	87484.457765
314	87465.094720
315	87445.904326
316	87426.884483
317	87408.033124
318	87389.348210
319	87370.827734
320	87352.469721
321	87334.272223
322	87316.233323
323	87298.351129
324	87280.623782
325	87263.049448
326	87245.626318
327	87228.352614
328	87211.226580
329	87194.246489
330	87177.410636
331	87160.717344
332	87144.164957
333	87127.751846
334	87111.476404
335	87095.337047
336	87079.332214
337	87063.460367
338	87047.719988
339	87032.109583
340	87016.627678
341	87001.272819
342	86986.043575
343	86970.938532
344	86955.956299
345	86941.095502
346	86926.354787
347	86911.732819
348	86897.228282
349	86882.839877
350	86868.566325
351	86854.406362
352	86840.358744
353	86826.422241
354	86812.595643
355	86798.877755
356	86785.267397
357	86771.763408
358	86758.364640
359	86745.069961
360	86731.878256
361	86718.788424
362	86705.799377
363	86692.910044
364	86680.119367
365	86667.426302
366	86654.829819
367	86642.328903
368	86629.922550
369	86617.609771
370	86605.389590
371	86593.261041
372	86581.223175
373	86569.275051
374	86557.415744
375	86545.644339
376	86533.959933
377	86522.361634
378	86510.848563
379	86499.419852
380	86488.074642
381	86476.812089
382	86465.631355
383	86454.531616
384	86443.512057
385	86432.571874
386	86421.710273
387	86410.926470
388	86400.219691
389	86389.589170
390	86379.034153
391	86368.553894
392	86358.147657
393	86347.814714
394	86337.554347
395	86327.365847
396	86317.248512
397	86307.201652
398	86297.224582
399	86287.316627
400	86277.477120
401	86267.705402
402	86258.000822
403	86248.362738
404	86238.790513
405	86229.283520
406	86219.841139
407	86210.462758
408	86201.147771
409	86191.895580
410	86182.705594
411	86173.577229
412	86164.509909
413	86155.503062
414	86146.556125
415	86137.668542
416	86128.839762
417	86120.069241
418	86111.356441
419	86102.700833
420	86094.101889
421	86085.559092
422	86077.071929
423	86068.639891
424	86060.262479
425	86051.939197
426	86043.669554
427	86035.453068
428	86027.289258
429	86019.177652
430	86011.117783
431	86003.109187
432	85995.151408
433	85987.243993
434	85979.386496
435	85971.578473
436	85963.819490
437	85956.109112
438	85948.446914
439	85940.832472
440	85933.265368
441	85925.745190
442	85918.271529
443	85910.843981
444	85903.462145
445	85896.125627
446	85888.834037
447	85881.586986
448	85874.384093
449	85867.224979
450	85860.109271
451	85853.036598
452	85846.006594
453	85839.018898
454	85832.073150
455	85825.168997
456	85818.306087
457	85811.484075
458	85804.702616
459	85797.961373
460	85791.260008
461	85784.598189
462	85777.975588
463	85771.391880
464	85764.846742
465	85758.339857
466	85751.870908
467	85745.439585
468	85739.045579
469	85732.688584
470	85726.368299
471	85720.084423
472	85713.836663
473	85707.624723
474	85701.448316
475	85695.307154
476	85689.200953
477	85683.129431
478	85677.092313
479	85671.089321
480	85665.120183
481	85659.184630
482	85653.282396
483	85647.413214
484	85641.576825
485	85635.772970
486	85630.001391
487	85624.261836
488	85618.554053
489	85612.877793
490	85607.232810
491	85601.618862
492	85596.035705
493	85590.483102
494	85584.960816
495	85579.468613
496	85574.006261
497	85568.573530
498	85563.170193
499	85557.796024
500	85552.450802
501	85547.134306
502	85541.846315
503	85536.586616
504	85531.354992
505	85526.151232
506	85520.975125
507	85515.826464
508	85510.705042
509	85505.610655
510	85500.543101
511	85495.502179
512	85490.487691
513	85485.499441
514	85480.537234
515	85475.600878
516	85470.690180
517	85465.804953
518	85460.945009
519	85456.110162
520	85451.300228
521	85446.515026
522	85441.754375
523	85437.018096
524	85432.306012
525	85427.617949
526	85422.953731
527	85418.313187
528	85413.696147
529	85409.102441
530	85404.531902
531	85399.984365
532	85395.459664
533	85390.957637
534	85386.478122
535	85382.020961
536	85377.585994
537	85373.173064
538	85368.782016
539	85364.412695
540	85360.064950
541	85355.738628
542	85351.433579
543	85347.149656
544	85342.886710
545	85338.644596
546	85334.423169
547	85330.222285
548	85326.041803
549	85321.881581
550	85317.741481
551	85313.621363
552	85309.521091
553	85305.440528
554	85301.379540
555	85297.337993
556	85293.315756
557	85289.312696
558	85285.328684
559	85281.363590
560	85277.417288
561	85273.489650
562	85269.580551
563	85265.689865
564	85261.817471
565	85257.963245
566	85254.127067
567	85250.308815
568	85246.508371
569	85242.725616
570	85238.960434
571	85235.212708
572	85231.482323
573	85227.769165
574	85224.073120
575	85220.394076
576	85216.731922
577	85213.086548
578	85209.457843
579	85205.845701
580	85202.250012
581	85198.670670
582	85195.107569
583	85191.560605
584	85188.029673
585	85184.514670
586	85181.015495
587	85177.532044
588	85174.064218
589	85170.611917
590	85167.175041
591	85163.753493
592	85160.347176
593	85156.955992
594	85153.579846
595	85150.218643
596	85146.872289
597	85143.540690
598	85140.223754
599	85136.921388
600	85133.633502
601	85130.360004
602	85127.100806
603	85123.855818
604	85120.624952
605	85117.408121
606	85114.205237
607	85111.016215
608	85107.840968
609	85104.679413
610	85101.531464
611	85098.397039
612	85095.276055
613	85092.168429
614	85089.074081
615	85085.992929
616	85082.924893
617	85079.869893
618	85076.827851
619	85073.798688
620	85070.782327
621	85067.778690
622	85064.787701
623	85061.809284
624	85058.843364
625	85055.889866
626	85052.948716
627	85050.019840
628	85047.103165
629	85044.198619
630	85041.306130
631	85038.425626
632	85035.557038
633	85032.700294
634	85029.855324
635	85027.022061
636	85024.200434
637	85021.390377
638	85018.591821
639	85015.804699
640	85013.028944
641	85010.264492
642	85007.511275
643	85004.769229
644	85002.038290
645	84999.318393
646	84996.609474
647	84993.911471
648	84991.224320
649	84988.547960
650	84985.882329
651	84983.227366
652	84980.583009
653	84977.949198
654	84975.325874
655	84972.712976
656	84970.110447
657	84967.518226
658	84964.936257
659	84962.364480
660	84959.802840
661	84957.251279
662	84954.709740
663	84952.178167
664	84949.656506
665	84947.144699
666	84944.642694
667	84942.150434
668	84939.667866
669	84937.194937
670	84934.731592
671	84932.277780
672	84929.833447
673	84927.398542
674	84924.973012
675	84922.556806
676	84920.149874
677	84917.752163
678	84915.363625
679	84912.984209
680	84910.613866
681	84908.252546
682	84905.900200
683	84903.556780
684	84901.222237
685	84898.896524
686	84896.579594
687	84894.271398
688	84891.971890
689	84889.681023
690	84887.398752
691	84885.125030
692	84882.859812
693	84880.603052
694	84878.354706
695	84876.114728
696	84873.883075
697	84871.659703
698	84869.444567
699	84867.237624
700	84865.038832
701	84862.848147
702	84860.665527
703	84858.490930
704	84856.324313
705	84854.165635
706	84852.014854
707	84849.871930
708	84847.736822
709	84845.609489
710	84843.489890
711	84841.377986
712	84839.273738
713	84837.177105
714	84835.088048
715	84833.006529
716	84830.932509
717	84828.865949
718	84826.806811
719	84824.755057
720	84822.710651
721	84820.673553
722	84818.643728
723	84816.621137
724	84814.605746
725	84812.597516
726	84810.596413
727	84808.602399
728	84806.615440
729	84804.635500
730	84802.662543
731	84800.696535
732	84798.737440
733	84796.785225
734	84794.839855
735	84792.901296
736	84790.969514
737	84789.044476
738	84787.126147
739	84785.214495
740	84783.309486
741	84781.411089
742	84779.519270
743	84777.633997
744	84775.755237
745	84773.882960
746	84772.017133
747	84770.157724
748	84768.304702
749	84766.458037
750	84764.617696
751	84762.783650
752	84760.955868
753	84759.134320
754	84757.318974
755	84755.509802
756	84753.706774
757	84751.909859
758	84750.119029
759	84748.334255
760	84746.555506
761	84744.782756
762	84743.015973
763	84741.255131
764	84739.500201
765	84737.751155
766	84736.007965
767	84734.270602
768	84732.539040
769	84730.813251
770	84729.093208
771	84727.378883
772	84725.670249
773	84723.967281
774	84722.269950
775	84720.578232
776	84718.892099
777	84717.211525
778	84715.536485
779	84713.866952
780	84712.202901
781	84710.544307
782	84708.891143
783	84707.243386
784	84705.601009
785	84703.963988
786	84702.332299
787	84700.705916
788	84699.084816
789	84697.468973
790	84695.858365
791	84694.252966
792	84692.652753
793	84691.057703
794	84689.467791
795	84687.882994
796	84686.303290
797	84684.728654
798	84683.159064
799	84681.594497
800	84680.034931
801	84678.480342
802	84676.930708
803	84675.386007
804	84673.846217
805	84672.311315
806	84670.781280
807	84669.256090
808	84667.735722
809	84666.220157
810	84664.709372
811	84663.203345
812	84661.702056
813	84660.205484
814	84658.713608
815	84657.226406
816	84655.743858
817	84654.265945
818	84652.792644
819	84651.323936
820	84649.859801
821	84648.400218
822	84646.945168
823	84645.494630
824	84644.048585
825	84642.607014
826	84641.169896
827	84639.737212
828	84638.308944
829	84636.885071
830	84635.465575
831	84634.050437
832	84632.639637
833	84631.233158
834	84629.830980
835	84628.433085
836	84627.039454
837	84625.650070
838	84624.264913
839	84622.883966
840	84621.507211
841	84620.134629
842	84618.766203
843	84617.401916
844	84616.041749
845	84614.685685
846	84613.333706
847	84611.985796
848	84610.641936
849	84609.302111
850	84607.966302
851	84606.634493
852	84605.306667
853	84603.982807
854	84602.662897
855	84601.346920
856	84600.034858
857	84598.726697
858	84597.422420
859	84596.122010
860	84594.825451
861	84593.532728
862	84592.243824
863	84590.958723
864	84589.677410
865	84588.399868
866	84587.126083
867	84585.856039
868	84584.589720
869	84583.327111
870	84582.068197
871	84580.812962
872	84579.561392
873	84578.313471
874	84577.069184
875	84575.828516
876	84574.591454
877	84573.357981
878	84572.128084
879	84570.901747
880	84569.678956
881	84568.459698
882	84567.243957
883	84566.031719
884	84564.822971
885	84563.617697
886	84562.415884
887	84561.217519
888	84560.022586
889	84558.831073
890	84557.642965
891	84556.458250
892	84555.276912
893	84554.098940
894	84552.924319
895	84551.753036
896	84550.585077
897	84549.420430
898	84548.259081
899	84547.101018
900	84545.946226
901	84544.794694
902	84543.646408
903	84542.501356
904	84541.359524
905	84540.220900
906	84539.085471
907	84537.953226
908	84536.824150
909	84535.698232
910	84534.575460
911	84533.455821
912	84532.339303
913	84531.225894
914	84530.115581
915	84529.008352
916	84527.904196
917	84526.803101
918	84525.705054
919	84524.610045
920	84523.518060
921	84522.429089
922	84521.343119
923	84520.260140
924	84519.180140
925	84518.103106
926	84517.029029
927	84515.957896
928	84514.889696
929	84513.824418
930	84512.762050
931	84511.702582
932	84510.646003
933	84509.592301
934	84508.541466
935	84507.493487
936	84506.448352
937	84505.406052
938	84504.366574
939	84503.329909
940	84502.296046
941	84501.264975
942	84500.236684
943	84499.211164
944	84498.188403
945	84497.168392
946	84496.151121
947	84495.136578
948	84494.124754
949	84493.115638
950	84492.109221
951	84491.105492
952	84490.104442
953	84489.106060
954	84488.110336
955	84487.117261
956	84486.126824
957	84485.139016
958	84484.153828
959	84483.171249
960	84482.191269
961	84481.213880
962	84480.239072
963	84479.266835
964	84478.297159
965	84477.330036
966	84476.365455
967	84475.403409
968	84474.443886
969	84473.486879
970	84472.532377
971	84471.580372
972	84470.630855
973	84469.683817
974	84468.739248
975	84467.797139
976	84466.857482
977	84465.920268
978	84464.985488
979	84464.053133
980	84463.123194
981	84462.195663
982	84461.270531
983	84460.347789
984	84459.427428
985	84458.509441
986	84457.593819
987	84456.680552
988	84455.769633
989	84454.861054
990	84453.954805
991	84453.050879
992	84452.149268
993	84451.249962
994	84450.352954
995	84449.458236
996	84448.565799
997	84447.675636
998	84446.787738
999	84445.902098
1000	84445.018707
1001	84444.137557
1002	84443.258641
1003	84442.381951
1004	84441.507478
1005	84440.635215
1006	84439.765155
1007	84438.897289
1008	84438.031610
1009	84437.168110
1010	84436.306782
1011	84435.447618
1012	84434.590610
1013	84433.735750
1014	84432.883033
1015	84432.032449
1016	84431.183992
1017	84430.337653
1018	84429.493427
1019	84428.651305
1020	84427.811280
1021	84426.973345
1022	84426.137493
1023	84425.303716
1024	84424.472008
1025	84423.642361
1026	84422.814768
1027	84421.989222
1028	84421.165716
1029	84420.344243
1030	84419.524796
1031	84418.707369
1032	84417.891953
1033	84417.078543
1034	84416.267132
1035	84415.457712
1036	84414.650277
1037	84413.844820
1038	84413.041335
1039	84412.239814
1040	84411.440252
1041	84410.642641
1042	84409.846975
1043	84409.053247
1044	84408.261451
1045	84407.471580
1046	84406.683627
1047	84405.897587
1048	84405.113453
1049	84404.331218
1050	84403.550877
1051	84402.772422
1052	84401.995847
1053	84401.221146
1054	84400.448313
1055	84399.677342
1056	84398.908226
1057	84398.140960
1058	84397.375536
1059	84396.611949
1060	84395.850193
1061	84395.090262
1062	84394.332149
1063	84393.575849
1064	84392.821355
1065	84392.068662
1066	84391.317764
1067	84390.568654
1068	84389.821328
1069	84389.075778
1070	84388.332000
1071	84387.589986
1072	84386.849733
1073	84386.111233
1074	84385.374481
1075	84384.639471
1076	84383.906198
1077	84383.174655
1078	84382.444838
1079	84381.716741
1080	84380.990357
1081	84380.265682
1082	84379.542710
1083	84378.821435
1084	84378.101852
1085	84377.383955
1086	84376.667739
1087	84375.953199
1088	84375.240328
1089	84374.529122
1090	84373.819576
1091	84373.111683
1092	84372.405439
1093	84371.700838
1094	84370.997874
1095	84370.296544
1096	84369.596841
1097	84368.898760
1098	84368.202297
1099	84367.507445
1100	84366.814199
1101	84366.122556
1102	84365.432509
1103	84364.744053
1104	84364.057183
1105	84363.371895
1106	84362.688183
1107	84362.006042
1108	84361.325468
1109	84360.646454
1110	84359.968997
1111	84359.293091
1112	84358.618732
1113	84357.945914
1114	84357.274634
1115	84356.604885
1116	84355.936663
1117	84355.269963
1118	84354.604780
1119	84353.941111
1120	84353.278949
1121	84352.618291
1122	84351.959131
1123	84351.301465
1124	84350.645288
1125	84349.990595
1126	84349.337383
1127	84348.685645
1128	84348.035378
1129	84347.386578
1130	84346.739238
1131	84346.093356
1132	84345.448926
1133	84344.805944
1134	84344.164406
1135	84343.524307
1136	84342.885642
1137	84342.248407
1138	84341.612598
1139	84340.978210
1140	84340.345239
1141	84339.713680
1142	84339.083530
1143	84338.454784
1144	84337.827437
1145	84337.201485
1146	84336.576924
1147	84335.953751
1148	84335.331959
1149	84334.711546
1150	84334.092507
1151	84333.474837
1152	84332.858534
1153	84332.243591
1154	84331.630007
1155	84331.017775
1156	84330.406893
1157	84329.797355
1158	84329.189159
1159	84328.582299
1160	84327.976772
1161	84327.372574
1162	84326.769701
1163	84326.168148
1164	84325.567913
1165	84324.968990
1166	84324.371376
1167	84323.775067
1168	84323.180059
1169	84322.586348
1170	84321.993930
1171	84321.402802
1172	84320.812959
1173	84320.224397
1174	84319.637114
1175	84319.051104
1176	84318.466365
1177	84317.882891
1178	84317.300681
1179	84316.719729
1180	84316.140033
1181	84315.561587
1182	84314.984390
1183	84314.408436
1184	84313.833723
1185	84313.260246
1186	84312.688002
1187	84312.116987
1188	84311.547198
1189	84310.978631
1190	84310.411282
1191	84309.845148
1192	84309.280226
1193	84308.716511
1194	84308.154000
1195	84307.592690
1196	84307.032576
1197	84306.473657
1198	84305.915927
1199	84305.359384
1200	84304.804024
1201	84304.249844
1202	84303.696839
1203	84303.145008
1204	84302.594346
1205	84302.044850
1206	84301.496516
1207	84300.949341
1208	84300.403323
1209	84299.858456
1210	84299.314739
1211	84298.772168
1212	84298.230738
1213	84297.690448
1214	84297.151294
1215	84296.613273
1216	84296.076380
1217	84295.540614
1218	84295.005970
1219	84294.472446
1220	84293.940039
1221	84293.408744
1222	84292.878559
1223	84292.349481
1224	84291.821507
1225	84291.294633
1226	84290.768856
1227	84290.244173
1228	84289.720582
1229	84289.198078
1230	84288.676659
1231	84288.156321
1232	84287.637062
1233	84287.118879
1234	84286.601768
1235	84286.085726
1236	84285.570751
1237	84285.056839
1238	84284.543987
1239	84284.032193
1240	84283.521453
1241	84283.011764
1242	84282.503123
1243	84281.995528
1244	84281.488976
1245	84280.983463
1246	84280.478986
1247	84279.975544
1248	84279.473131
1249	84278.971747
1250	84278.471388
1251	84277.972051
1252	84277.473733
1253	84276.976431
1254	84276.480143
1255	84275.984866
1256	84275.490596
1257	84274.997332
1258	84274.505069
1259	84274.013806
1260	84273.523540
1261	84273.034268
1262	84272.545987
1263	84272.058694
1264	84271.572387
1265	84271.087062
1266	84270.602718
1267	84270.119351
1268	84269.636959
1269	84269.155539
1270	84268.675089
1271	84268.195605
1272	84267.717085
1273	84267.239526
1274	84266.762926
1275	84266.287282
1276	84265.812592
1277	84265.338852
1278	84264.866060
1279	84264.394214
1280	84263.923311
1281	84263.453349
1282	84262.984324
1283	84262.516235
1284	84262.049078
1285	84261.582851
1286	84261.117552
1287	84260.653178
1288	84260.189727
1289	84259.727195
1290	84259.265581
1291	84258.804882
1292	84258.345096
1293	84257.886220
1294	84257.428251
1295	84256.971188
1296	84256.515027
1297	84256.059766
1298	84255.605404
1299	84255.151936
1300	84254.699362
1301	84254.247678
1302	84253.796882
1303	84253.346972
1304	84252.897946
1305	84252.449800
1306	84252.002533
1307	84251.556142
1308	84251.110625
1309	84250.665980
1310	84250.222204
1311	84249.779295
1312	84249.337250
1313	84248.896068
1314	84248.455745
1315	84248.016280
1316	84247.577671
1317	84247.139915
1318	84246.703009
1319	84246.266952
1320	84245.831741
1321	84245.397374
1322	84244.963850
1323	84244.531164
1324	84244.099316
1325	84243.668303
1326	84243.238123
1327	84242.808774
1328	84242.380253
1329	84241.952558
1330	84241.525687
1331	84241.099639
1332	84240.674410
1333	84240.249999
1334	84239.826403
1335	84239.403621
1336	84238.981649
1337	84238.560487
1338	84238.140132
1339	84237.720581
1340	84237.301833
1341	84236.883886
1342	84236.466737
1343	84236.050384
1344	84235.634826
1345	84235.220060
1346	84234.806084
1347	84234.392896
1348	84233.980495
1349	84233.568877
1350	84233.158041
1351	84232.747985
1352	84232.338708
1353	84231.930205
1354	84231.522477
1355	84231.115521
1356	84230.709334
1357	84230.303915
1358	84229.899263
1359	84229.495374
1360	84229.092247
1361	84228.689879
1362	84228.288270
1363	84227.887417
1364	84227.487318
1365	84227.087971
1366	84226.689374
1367	84226.291526
1368	84225.894423
1369	84225.498066
1370	84225.102450
1371	84224.707576
1372	84224.313440
1373	84223.920041
1374	84223.527376
1375	84223.135445
1376	84222.744245
1377	84222.353774
1378	84221.964031
1379	84221.575013
1380	84221.186719
1381	84220.799147
1382	84220.412295
1383	84220.026162
1384	84219.640744
1385	84219.256041
1386	84218.872051
1387	84218.488772
1388	84218.106202
1389	84217.724340
1390	84217.343183
1391	84216.962729
1392	84216.582978
1393	84216.203927
1394	84215.825575
1395	84215.447919
1396	84215.070958
1397	84214.694690
1398	84214.319114
1399	84213.944227
1400	84213.570029
1401	84213.196516
1402	84212.823689
1403	84212.451544
1404	84212.080080
1405	84211.709295
1406	84211.339188
1407	84210.969757
1408	84210.601001
1409	84210.232917
1410	84209.865504
1411	84209.498760
1412	84209.132684
1413	84208.767274
1414	84208.402528
1415	84208.038445
1416	84207.675023
1417	84207.312260
1418	84206.950155
1419	84206.588705
1420	84206.227911
1421	84205.867769
1422	84205.508278
1423	84205.149437
1424	84204.791244
1425	84204.433697
1426	84204.076795
1427	84203.720536
1428	84203.364919
1429	84203.009942
1430	84202.655603
1431	84202.301901
1432	84201.948835
1433	84201.596402
1434	84201.244602
1435	84200.893432
1436	84200.542891
1437	84200.192978
1438	84199.843691
1439	84199.495028
1440	84199.146988
1441	84198.799570
1442	84198.452771
1443	84198.106591
1444	84197.761028
1445	84197.416081
1446	84197.071747
1447	84196.728025
1448	84196.384915
1449	84196.042414
1450	84195.700521
1451	84195.359234
1452	84195.018552
1453	84194.678474
1454	84194.338998
1455	84194.000123
1456	84193.661846
1457	84193.324168
1458	84192.987085
1459	84192.650598
1460	84192.314704
1461	84191.979402
1462	84191.644690
1463	84191.310567
1464	84190.977032
1465	84190.644084
1466	84190.311720
1467	84189.979940
1468	84189.648742
1469	84189.318124
1470	84188.988086
1471	84188.658625
1472	84188.329742
1473	84188.001433
1474	84187.673698
1475	84187.346535
1476	84187.019943
1477	84186.693921
1478	84186.368468
1479	84186.043581
1480	84185.719259
1481	84185.395502
1482	84185.072308
1483	84184.749676
1484	84184.427603
1485	84184.106090
1486	84183.785134
1487	84183.464734
1488	84183.144889
1489	84182.825598
1490	84182.506859
1491	84182.188672
1492	84181.871033
1493	84181.553944
1494	84181.237401
1495	84180.921404
1496	84180.605952
1497	84180.291042
1498	84179.976675
1499	84179.662849
1500	84179.349561
1501	84179.036812
1502	84178.724600
1503	84178.412924
1504	84178.101782
1505	84177.791173
1506	84177.481095
1507	84177.171549
1508	84176.862532
1509	84176.554043
1510	84176.246080
1511	84175.938644
1512	84175.631732
1513	84175.325343
1514	84175.019476
1515	84174.714130
1516	84174.409304
1517	84174.104996
1518	84173.801205
1519	84173.497930
1520	84173.195169
1521	84172.892923
1522	84172.591188
1523	84172.289965
1524	84171.989252
1525	84171.689048
1526	84171.389351
1527	84171.090161
1528	84170.791476
1529	84170.493296
1530	84170.195618
1531	84169.898442
1532	84169.601767
1533	84169.305591
1534	84169.009913
1535	84168.714733
1536	84168.420049
1537	84168.125860
1538	84167.832164
1539	84167.538962
1540	84167.246250
1541	84166.954029
1542	84166.662298
1543	84166.371055
1544	84166.080298
1545	84165.790028
1546	84165.500242
1547	84165.210940
1548	84164.922121
1549	84164.633783
1550	84164.345926
1551	84164.058548
1552	84163.771648
1553	84163.485225
1554	84163.199279
1555	84162.913807
1556	84162.628809
1557	84162.344284
1558	84162.060231
1559	84161.776649
1560	84161.493536
1561	84161.210892
1562	84160.928715
1563	84160.647005
1564	84160.365760
1565	84160.084979
1566	84159.804662
1567	84159.524806
1568	84159.245413
1569	84158.966479
1570	84158.688004
1571	84158.409988
1572	84158.132428
1573	84157.855325
1574	84157.578676
1575	84157.302482
1576	84157.026741
1577	84156.751451
1578	84156.476613
1579	84156.202224
1580	84155.928284
1581	84155.654793
1582	84155.381748
1583	84155.109149
1584	84154.836995
1585	84154.565285
1586	84154.294018
1587	84154.023193
1588	84153.752809
1589	84153.482865
1590	84153.213360
1591	84152.944293
1592	84152.675663
1593	84152.407469
1594	84152.139711
1595	84151.872386
1596	84151.605495
1597	84151.339036
1598	84151.073008
1599	84150.807411
1600	84150.542243
1601	84150.277504
1602	84150.013192
1603	84149.749306
1604	84149.485847
1605	84149.222812
1606	84148.960200
1607	84148.698012
1608	84148.436245
1609	84148.174899
1610	84147.913974
1611	84147.653467
1612	84147.393379
1613	84147.133708
1614	84146.874453
1615	84146.615614
1616	84146.357189
1617	84146.099178
1618	84145.841580
1619	84145.584394
1620	84145.327618
1621	84145.071253
1622	84144.815296
1623	84144.559748
1624	84144.304607
1625	84144.049873
1626	84143.795544
1627	84143.541620
1628	84143.288100
1629	84143.034983
1630	84142.782268
1631	84142.529954
1632	84142.278041
1633	84142.026526
1634	84141.775411
1635	84141.524693
1636	84141.274372
1637	84141.024448
1638	84140.774918
1639	84140.525783
1640	84140.277041
1641	84140.028692
1642	84139.780734
1643	84139.533168
1644	84139.285991
1645	84139.039204
1646	84138.792805
1647	84138.546794
1648	84138.301169
1649	84138.055931
1650	84137.811078
1651	84137.566608
1652	84137.322523
1653	84137.078819
1654	84136.835498
1655	84136.592558
1656	84136.349998
1657	84136.107817
1658	84135.866015
1659	84135.624590
1660	84135.383543
1661	84135.142871
1662	84134.902575
1663	84134.662653
1664	84134.423106
1665	84134.183931
1666	84133.945128
1667	84133.706697
1668	84133.468636
1669	84133.230945
1670	84132.993623
1671	84132.756669
1672	84132.520083
1673	84132.283863
1674	84132.048009
1675	84131.812521
1676	84131.577397
1677	84131.342636
1678	84131.108238
1679	84130.874202
1680	84130.640527
1681	84130.407213
1682	84130.174259
1683	84129.941664
1684	84129.709427
1685	84129.477547
1686	84129.246025
1687	84129.014858
1688	84128.784046
1689	84128.553589
1690	84128.323486
1691	84128.093736
1692	84127.864338
1693	84127.635291
1694	84127.406596
1695	84127.178250
1696	84126.950254
1697	84126.722607
1698	84126.495307
1699	84126.268355
1700	84126.041749
1701	84125.815489
1702	84125.589573
1703	84125.364002
1704	84125.138775
1705	84124.913891
1706	84124.689348
1707	84124.465147
1708	84124.241287
1709	84124.017767
1710	84123.794586
1711	84123.571744
1712	84123.349240
1713	84123.127073
1714	84122.905242
1715	84122.683747
1716	84122.462588
1717	84122.241763
1718	84122.021271
1719	84121.801113
1720	84121.581287
1721	84121.361793
1722	84121.142630
1723	84120.923797
1724	84120.705294
1725	84120.487119
1726	84120.269274
1727	84120.051755
1728	84119.834564
1729	84119.617699
1730	84119.401160
1731	84119.184945
1732	84118.969055
1733	84118.753488
1734	84118.538245
1735	84118.323324
1736	84118.108724
1737	84117.894446
1738	84117.680487
1739	84117.466849
1740	84117.253529
1741	84117.040528
1742	84116.827845
1743	84116.615479
1744	84116.403429
1745	84116.191695
1746	84115.980276
1747	84115.769172
1748	84115.558381
1749	84115.347904
1750	84115.137739
1751	84114.927887
1752	84114.718346
1753	84114.509115
1754	84114.300195
1755	84114.091584
1756	84113.883282
1757	84113.675288
1758	84113.467602
1759	84113.260223
1760	84113.053150
1761	84112.846383
1762	84112.639921
1763	84112.433764
1764	84112.227910
1765	84112.022360
1766	84111.817113
1767	84111.612167
1768	84111.407523
1769	84111.203180
1770	84110.999138
1771	84110.795395
1772	84110.591951
1773	84110.388805
1774	84110.185958
1775	84109.983407
1776	84109.781154
1777	84109.579196
1778	84109.377534
1779	84109.176167
1780	84108.975094
1781	84108.774315
1782	84108.573830
1783	84108.373636
1784	84108.173735
1785	84107.974125
1786	84107.774807
1787	84107.575778
1788	84107.377039
1789	84107.178589
1790	84106.980428
1791	84106.782555
1792	84106.584969
1793	84106.387670
1794	84106.190657
1795	84105.993930
1796	84105.797488
1797	84105.601331
1798	84105.405457
1799	84105.209867
1800	84105.014560
1801	84104.819536
1802	84104.624793
1803	84104.430332
1804	84104.236151
1805	84104.042250
1806	84103.848629
1807	84103.655287
1808	84103.462223
1809	84103.269438
1810	84103.076929
1811	84102.884698
1812	84102.692743
1813	84102.501064
1814	84102.309660
1815	84102.118530
1816	84101.927675
1817	84101.737093
1818	84101.546785
1819	84101.356749
1820	84101.166985
1821	84100.977493
1822	84100.788272
1823	84100.599321
1824	84100.410640
1825	84100.222228
1826	84100.034085
1827	84099.846211
1828	84099.658605
1829	84099.471265
1830	84099.284193
1831	84099.097387
1832	84098.910846
1833	84098.724571
1834	84098.538561
1835	84098.352815
1836	84098.167333
1837	84097.982113
1838	84097.797157
1839	84097.612463
1840	84097.428030
1841	84097.243859
1842	84097.059948
1843	84096.876297
1844	84096.692907
1845	84096.509775
1846	84096.326902
1847	84096.144287
1848	84095.961930
1849	84095.779830
1850	84095.597987
1851	84095.416400
1852	84095.235069
1853	84095.053993
1854	84094.873172
1855	84094.692605
1856	84094.512292
1857	84094.332232
1858	84094.152425
1859	84093.972870
1860	84093.793567
1861	84093.614516
1862	84093.435715
1863	84093.257165
1864	84093.078865
1865	84092.900814
1866	84092.723012
1867	84092.545459
1868	84092.368154
1869	84092.191096
1870	84092.014285
1871	84091.837721
1872	84091.661404
1873	84091.485332
1874	84091.309505
1875	84091.133923
1876	84090.958585
1877	84090.783491
1878	84090.608641
1879	84090.434033
1880	84090.259668
1881	84090.085545
1882	84089.911664
1883	84089.738023
1884	84089.564623
1885	84089.391464
1886	84089.218544
1887	84089.045864
1888	84088.873422
1889	84088.701219
1890	84088.529254
1891	84088.357526
1892	84088.186035
1893	84088.014781
1894	84087.843763
1895	84087.672981
1896	84087.502434
1897	84087.332122
1898	84087.162045
1899	84086.992201
1900	84086.822591
1901	84086.653214
1902	84086.484070
1903	84086.315158
1904	84086.146478
1905	84085.978029
1906	84085.809811
1907	84085.641824
1908	84085.474067
1909	84085.306539
1910	84085.139241
1911	84084.972171
1912	84084.805330
1913	84084.638717
1914	84084.472331
1915	84084.306173
1916	84084.140241
1917	84083.974535
1918	84083.809056
1919	84083.643802
1920	84083.478772
1921	84083.313968
1922	84083.149387
1923	84082.985031
1924	84082.820898
1925	84082.656987
1926	84082.493300
1927	84082.329834
1928	84082.166590
1929	84082.003568
1930	84081.840766
1931	84081.678185
1932	84081.515825
1933	84081.353683
1934	84081.191762
1935	84081.030059
1936	84080.868574
1937	84080.707308
1938	84080.546259
1939	84080.385428
1940	84080.224813
1941	84080.064416
1942	84079.904234
1943	84079.744268
1944	84079.584517
1945	84079.424981
1946	84079.265660
1947	84079.106553
1948	84078.947660
1949	84078.788980
1950	84078.630513
1951	84078.472259
1952	84078.314217
1953	84078.156386
1954	84077.998768
1955	84077.841360
1956	84077.684163
1957	84077.527176
1958	84077.370399
1959	84077.213832
1960	84077.057474
1961	84076.901325
1962	84076.745384
1963	84076.589651
1964	84076.434126
1965	84076.278808
1966	84076.123697
1967	84075.968793
1968	84075.814095
1969	84075.659602
1970	84075.505315
1971	84075.351233
1972	84075.197356
1973	84075.043683
1974	84074.890214
1975	84074.736949
1976	84074.583887
1977	84074.431027
1978	84074.278370
1979	84074.125916
1980	84073.973663
1981	84073.821611
1982	84073.669761
1983	84073.518111
1984	84073.366662
1985	84073.215413
1986	84073.064363
1987	84072.913512
1988	84072.762861
1989	84072.612408
1990	84072.462153
1991	84072.312096
1992	84072.162236
1993	84072.012574
1994	84071.863108
1995	84071.713839
1996	84071.564766
1997	84071.415889
1998	84071.267207
1999	84071.118721
2000	84070.970428
2001	84070.822331
2002	84070.674427
2003	84070.526717
2004	84070.379201
2005	84070.231877
2006	84070.084746
2007	84069.937807
2008	84069.791061
2009	84069.644506
2010	84069.498142
2011	84069.351969
2012	84069.205987
2013	84069.060195
2014	84068.914593
2015	84068.769181
2016	84068.623958
2017	84068.478924
2018	84068.334079
2019	84068.189422
2020	84068.044953
2021	84067.900671
2022	84067.756577
2023	84067.612670
2024	84067.468949
2025	84067.325415
2026	84067.182067
2027	84067.038905
2028	84066.895928
2029	84066.753135
2030	84066.610528
2031	84066.468105
2032	84066.325866
2033	84066.183811
2034	84066.041939
2035	84065.900251
2036	84065.758745
2037	84065.617421
2038	84065.476280
2039	84065.335321
2040	84065.194543
2041	84065.053946
2042	84064.913530
2043	84064.773295
2044	84064.633240
2045	84064.493365
2046	84064.353670
2047	84064.214154
2048	84064.074817
2049	84063.935659
2050	84063.796679
2051	84063.657877
2052	84063.519253
2053	84063.380807
2054	84063.242538
2055	84063.104445
2056	84062.966529
2057	84062.828790
2058	84062.691226
2059	84062.553838
2060	84062.416626
2061	84062.279588
2062	84062.142725
2063	84062.006037
2064	84061.869523
2065	84061.733182
2066	84061.597016
2067	84061.461022
2068	84061.325202
2069	84061.189554
2070	84061.054078
2071	84060.918775
2072	84060.783643
2073	84060.648683
2074	84060.513894
2075	84060.379276
2076	84060.244829
2077	84060.110552
2078	84059.976445
2079	84059.842508
2080	84059.708740
2081	84059.575141
2082	84059.441712
2083	84059.308450
2084	84059.175358
2085	84059.042433
2086	84058.909676
2087	84058.777086
2088	84058.644664
2089	84058.512408
2090	84058.380319
2091	84058.248397
2092	84058.116640
2093	84057.985049
2094	84057.853624
2095	84057.722364
2096	84057.591269
2097	84057.460338
2098	84057.329572
2099	84057.198970
2100	84057.068532
2101	84056.938257
2102	84056.808146
2103	84056.678197
2104	84056.548411
2105	84056.418788
2106	84056.289327
2107	84056.160028
2108	84056.030890
2109	84055.901914
2110	84055.773099
2111	84055.644444
2112	84055.515951
2113	84055.387617
2114	84055.259444
2115	84055.131430
2116	84055.003576
2117	84054.875881
2118	84054.748344
2119	84054.620967
2120	84054.493748
2121	84054.366687
2122	84054.239784
2123	84054.113039
2124	84053.986451
2125	84053.860020
2126	84053.733746
2127	84053.607628
2128	84053.481667
2129	84053.355862
2130	84053.230213
2131	84053.104719
2132	84052.979380
2133	84052.854197
2134	84052.729168
2135	84052.604294
2136	84052.479574
2137	84052.355008
2138	84052.230596
2139	84052.106337
2140	84051.982232
2141	84051.858279
2142	84051.734480
2143	84051.610832
2144	84051.487337
2145	84051.363994
2146	84051.240803
2147	84051.117763
2148	84050.994875
2149	84050.872137
2150	84050.749550
2151	84050.627114
2152	84050.504828
2153	84050.382691
2154	84050.260705
2155	84050.138868
2156	84050.017180
2157	84049.895642
2158	84049.774252
2159	84049.653010
2160	84049.531917
2161	84049.410972
2162	84049.290175
2163	84049.169525
2164	84049.049023
2165	84048.928668
2166	84048.808459
2167	84048.688397
2168	84048.568482
2169	84048.448712
2170	84048.329089
2171	84048.209611
2172	84048.090278
2173	84047.971091
2174	84047.852049
2175	84047.733151
2176	84047.614398
2177	84047.495789
2178	84047.377324
2179	84047.259003
2180	84047.140825
2181	84047.022790
2182	84046.904899
2183	84046.787151
2184	84046.669545
2185	84046.552081
2186	84046.434760
2187	84046.317580
2188	84046.200542
2189	84046.083646
2190	84045.966891
2191	84045.850277
2192	84045.733803
2193	84045.617471
2194	84045.501278
2195	84045.385226
2196	84045.269313
2197	84045.153540
2198	84045.037907
2199	84044.922412
2200	84044.807057
2201	84044.691840
2202	84044.576762
2203	84044.461823
2204	84044.347021
2205	84044.232357
2206	84044.117831
2207	84044.003442
2208	84043.889191
2209	84043.775076
2210	84043.661098
2211	84043.547257
2212	84043.433552
2213	84043.319983
2214	84043.206550
2215	84043.093253
2216	84042.980091
2217	84042.867065
2218	84042.754173
2219	84042.641416
2220	84042.528794
2221	84042.416307
2222	84042.303953
2223	84042.191733
2224	84042.079648
2225	84041.967695
2226	84041.855876
2227	84041.744190
2228	84041.632637
2229	84041.521217
2230	84041.409929
2231	84041.298774
2232	84041.187750
2233	84041.076858
2234	84040.966098
2235	84040.855470
2236	84040.744973
2237	84040.634606
2238	84040.524371
2239	84040.414266
2240	84040.304291
2241	84040.194447
2242	84040.084733
2243	84039.975148
2244	84039.865693
2245	84039.756368
2246	84039.647171
2247	84039.538104
2248	84039.429165
2249	84039.320355
2250	84039.211674
2251	84039.103120
2252	84038.994695
2253	84038.886397
2254	84038.778227
2255	84038.670184
2256	84038.562268
2257	84038.454479
2258	84038.346817
2259	84038.239282
2260	84038.131873
2261	84038.024590
2262	84037.917433
2263	84037.810402
2264	84037.703497
2265	84037.596717
2266	84037.490062
2267	84037.383532
2268	84037.277127
2269	84037.170847
2270	84037.064691
2271	84036.958659
2272	84036.852751
2273	84036.746967
2274	84036.641307
2275	84036.535770
2276	84036.430357
2277	84036.325066
2278	84036.219899
2279	84036.114854
2280	84036.009932
2281	84035.905132
2282	84035.800454
2283	84035.695898
2284	84035.591464
2285	84035.487151
2286	84035.382960
2287	84035.278890
2288	84035.174941
2289	84035.071112
2290	84034.967405
2291	84034.863818
2292	84034.760351
2293	84034.657004
2294	84034.553777
2295	84034.450670
2296	84034.347682
2297	84034.244814
2298	84034.142064
2299	84034.039434
2300	84033.936923
2301	84033.834530
2302	84033.732256
2303	84033.630099
2304	84033.528061
2305	84033.426141
2306	84033.324339
2307	84033.222654
2308	84033.121086
2309	84033.019636
2310	84032.918302
2311	84032.817086
2312	84032.715986
2313	84032.615002
2314	84032.514135
2315	84032.413384
2316	84032.312748
2317	84032.212229
2318	84032.111825
2319	84032.011536
2320	84031.911363
2321	84031.811305
2322	84031.711362
2323	84031.611533
2324	84031.511819
2325	84031.412219
2326	84031.312733
2327	84031.213362
2328	84031.114104
2329	84031.014960
2330	84030.915929
2331	84030.817012
2332	84030.718208
2333	84030.619516
2334	84030.520938
2335	84030.422472
2336	84030.324119
2337	84030.225878
2338	84030.127749
2339	84030.029732
2340	84029.931827
2341	84029.834033
2342	84029.736351
2343	84029.638781
2344	84029.541321
2345	84029.443972
2346	84029.346734
2347	84029.249607
2348	84029.152590
2349	84029.055684
2350	84028.958887
2351	84028.862201
2352	84028.765624
2353	84028.669157
2354	84028.572799
2355	84028.476551
2356	84028.380412
2357	84028.284382
2358	84028.188460
2359	84028.092648
2360	84027.996944
2361	84027.901348
2362	84027.805860
2363	84027.710480
2364	84027.615208
2365	84027.520044
2366	84027.424987
2367	84027.330038
2368	84027.235196
2369	84027.140461
2370	84027.045833
2371	84026.951311
2372	84026.856896
2373	84026.762588
2374	84026.668386
2375	84026.574290
2376	84026.480299
2377	84026.386415
2378	84026.292636
2379	84026.198963
2380	84026.105395
2381	84026.011932
2382	84025.918574
2383	84025.825321
2384	84025.732173
2385	84025.639129
2386	84025.546190
2387	84025.453355
2388	84025.360623
2389	84025.267996
2390	84025.175473
2391	84025.083053
2392	84024.990737
2393	84024.898524
2394	84024.806414
2395	84024.714407
2396	84024.622503
2397	84024.530702
2398	84024.439003
2399	84024.347407
2400	84024.255913
2401	84024.164521
2402	84024.073231
2403	84023.982043
2404	84023.890956
2405	84023.799971
2406	84023.709088
2407	84023.618305
2408	84023.527624
2409	84023.437043
2410	84023.346564
2411	84023.256185
2412	84023.165906
2413	84023.075728
2414	84022.985650
2415	84022.895672
2416	84022.805794
2417	84022.716015
2418	84022.626337
2419	84022.536757
2420	84022.447277
2421	84022.357896
2422	84022.268615
2423	84022.179432
2424	84022.090348
2425	84022.001362
2426	84021.912475
2427	84021.823686
2428	84021.734995
2429	84021.646403
2430	84021.557908
2431	84021.469511
2432	84021.381212
2433	84021.293010
2434	84021.204905
2435	84021.116898
2436	84021.028987
2437	84020.941174
2438	84020.853457
2439	84020.765837
2440	84020.678313
2441	84020.590886
2442	84020.503555
2443	84020.416320
2444	84020.329181
2445	84020.242137
2446	84020.155190
2447	84020.068337
2448	84019.981581
2449	84019.894919
2450	84019.808353
2451	84019.721881
2452	84019.635505
2453	84019.549223
2454	84019.463035
2455	84019.376942
2456	84019.290944
2457	84019.205039
2458	84019.119229
2459	84019.033512
2460	84018.947889
2461	84018.862360
2462	84018.776924
2463	84018.691582
2464	84018.606333
2465	84018.521177
2466	84018.436114
2467	84018.351143
2468	84018.266266
2469	84018.181480
2470	84018.096788
2471	84018.012187
2472	84017.927679
2473	84017.843263
2474	84017.758939
2475	84017.674706
2476	84017.590565
2477	84017.506516
2478	84017.422558
2479	84017.338691
2480	84017.254916
2481	84017.171231
2482	84017.087638
2483	84017.004135
2484	84016.920722
2485	84016.837400
2486	84016.754169
2487	84016.671027
2488	84016.587976
2489	84016.505015
2490	84016.422143
2491	84016.339362
2492	84016.256670
2493	84016.174067
2494	84016.091554
2495	84016.009129
2496	84015.926794
2497	84015.844548
2498	84015.762391
2499	84015.680323
2500	84015.598343
2501	84015.516451
2502	84015.434648
2503	84015.352933
2504	84015.271306
2505	84015.189768
2506	84015.108317
2507	84015.026953
2508	84014.945678
2509	84014.864489
2510	84014.783388
2511	84014.702375
2512	84014.621448
2513	84014.540609
2514	84014.459856
2515	84014.379190
2516	84014.298611
2517	84014.218118
2518	84014.137712
2519	84014.057392
2520	84013.977158
2521	84013.897010
2522	84013.816948
2523	84013.736971
2524	84013.657081
2525	84013.577276
2526	84013.497556
2527	84013.417922
2528	84013.338372
2529	84013.258908
2530	84013.179529
2531	84013.100235
2532	84013.021025
2533	84012.941900
2534	84012.862860
2535	84012.783904
2536	84012.705032
2537	84012.626244
2538	84012.547540
2539	84012.468920
2540	84012.390384
2541	84012.311932
2542	84012.233563
2543	84012.155278
2544	84012.077076
2545	84011.998957
2546	84011.920921
2547	84011.842968
2548	84011.765099
2549	84011.687311
2550	84011.609607
2551	84011.531985
2552	84011.454445
2553	84011.376988
2554	84011.299613
2555	84011.222320
2556	84011.145109
2557	84011.067980
2558	84010.990932
2559	84010.913966
2560	84010.837082
2561	84010.760279
2562	84010.683557
2563	84010.606917
2564	84010.530357
2565	84010.453879
2566	84010.377481
2567	84010.301164
2568	84010.224928
2569	84010.148772
2570	84010.072697
2571	84009.996702
2572	84009.920787
2573	84009.844952
2574	84009.769197
2575	84009.693522
2576	84009.617927
2577	84009.542411
2578	84009.466975
2579	84009.391619
2580	84009.316341
2581	84009.241143
2582	84009.166024
2583	84009.090984
2584	84009.016023
2585	84008.941141
2586	84008.866337
2587	84008.791612
2588	84008.716965
2589	84008.642397
2590	84008.567907
2591	84008.493495
2592	84008.419161
2593	84008.344905
2594	84008.270727
2595	84008.196627
2596	84008.122604
2597	84008.048658
2598	84007.974791
2599	84007.901000
2600	84007.827287
2601	84007.753650
2602	84007.680091
2603	84007.606609
2604	84007.533203
2605	84007.459874
2606	84007.386622
2607	84007.313446
2608	84007.240346
2609	84007.167323
2610	84007.094376
2611	84007.021505
2612	84006.948710
2613	84006.875990
2614	84006.803347
2615	84006.730779
2616	84006.658287
2617	84006.585870
2618	84006.513528
2619	84006.441262
2620	84006.369071
2621	84006.296955
2622	84006.224914
2623	84006.152948
2624	84006.081056
2625	84006.009240
2626	84005.937497
2627	84005.865829
2628	84005.794236
2629	84005.722717
2630	84005.651272
2631	84005.579901
2632	84005.508604
2633	84005.437380
2634	84005.366231
2635	84005.295155
2636	84005.224153
2637	84005.153224
2638	84005.082369
2639	84005.011587
2640	84004.940878
2641	84004.870242
2642	84004.799679
2643	84004.729189
2644	84004.658772
2645	84004.588427
2646	84004.518155
2647	84004.447956
2648	84004.377829
2649	84004.307774
2650	84004.237792
2651	84004.167881
2652	84004.098043
2653	84004.028276
2654	84003.958582
2655	84003.888959
2656	84003.819408
2657	84003.749928
2658	84003.680520
2659	84003.611183
2660	84003.541917
2661	84003.472723
2662	84003.403599
2663	84003.334547
2664	84003.265565
2665	84003.196655
2666	84003.127815
2667	84003.059045
2668	84002.990346
2669	84002.921718
2670	84002.853160
2671	84002.784672
2672	84002.716254
2673	84002.647906
2674	84002.579629
2675	84002.511421
2676	84002.443283
2677	84002.375214
2678	84002.307216
2679	84002.239286
2680	84002.171426
2681	84002.103636
2682	84002.035915
2683	84001.968262
2684	84001.900679
2685	84001.833165
2686	84001.765720
2687	84001.698343
2688	84001.631036
2689	84001.563797
2690	84001.496626
2691	84001.429524
2692	84001.362490
2693	84001.295524
2694	84001.228627
2695	84001.161797
2696	84001.095036
2697	84001.028342
2698	84000.961717
2699	84000.895159
2700	84000.828668
2701	84000.762246
2702	84000.695890
2703	84000.629602
2704	84000.563381
2705	84000.497228
2706	84000.431142
2707	84000.365122
2708	84000.299170
2709	84000.233284
2710	84000.167465
2711	84000.101713
2712	84000.036028
2713	83999.970409
2714	83999.904856
2715	83999.839370
2716	83999.773950
2717	83999.708596
2718	83999.643308
2719	83999.578086
2720	83999.512930
2721	83999.447840
2722	83999.382816
2723	83999.317857
2724	83999.252964
2725	83999.188136
2726	83999.123374
2727	83999.058677
2728	83998.994045
2729	83998.929479
2730	83998.864977
2731	83998.800541
2732	83998.736169
2733	83998.671862
2734	83998.607620
2735	83998.543443
2736	83998.479330
2737	83998.415282
2738	83998.351298
2739	83998.287378
2740	83998.223523
2741	83998.159732
2742	83998.096004
2743	83998.032341
2744	83997.968742
2745	83997.905207
2746	83997.841735
2747	83997.778327
2748	83997.714982
2749	83997.651701
2750	83997.588484
2751	83997.525330
2752	83997.462239
2753	83997.399211
2754	83997.336247
2755	83997.273345
2756	83997.210506
2757	83997.147730
2758	83997.085017
2759	83997.022367
2760	83996.959779
2761	83996.897254
2762	83996.834792
2763	83996.772391
2764	83996.710053
2765	83996.647778
2766	83996.585564
2767	83996.523412
2768	83996.461323
2769	83996.399295
2770	83996.337329
2771	83996.275425
2772	83996.213583
2773	83996.151802
2774	83996.090083
2775	83996.028425
2776	83995.966829
2777	83995.905293
2778	83995.843820
2779	83995.782407
2780	83995.721055
2781	83995.659764
2782	83995.598534
2783	83995.537365
2784	83995.476257
2785	83995.415209
2786	83995.354222
2787	83995.293296
2788	83995.232430
2789	83995.171624
2790	83995.110879
2791	83995.050194
2792	83994.989569
2793	83994.929004
2794	83994.868499
2795	83994.808054
2796	83994.747669
2797	83994.687343
2798	83994.627078
2799	83994.566872
2800	83994.506725
2801	83994.446638
2802	83994.386610
2803	83994.326642
2804	83994.266733
2805	83994.206883
2806	83994.147092
2807	83994.087360
2808	83994.027688
2809	83993.968074
2810	83993.908518
2811	83993.849022
2812	83993.789584
2813	83993.730205
2814	83993.670884
2815	83993.611622
2816	83993.552418
2817	83993.493273
2818	83993.434186
2819	83993.375156
2820	83993.316185
2821	83993.257272
2822	83993.198417
2823	83993.139620
2824	83993.080880
2825	83993.022199
2826	83992.963574
2827	83992.905008
2828	83992.846499
2829	83992.788047
2830	83992.729653
2831	83992.671316
2832	83992.613036
2833	83992.554814
2834	83992.496648
2835	83992.438540
2836	83992.380488
2837	83992.322494
2838	83992.264556
2839	83992.206675
2840	83992.148850
2841	83992.091083
2842	83992.033371
2843	83991.975716
2844	83991.918118
2845	83991.860576
2846	83991.803090
2847	83991.745660
2848	83991.688286
2849	83991.630969
2850	83991.573707
2851	83991.516501
2852	83991.459351
2853	83991.402257
2854	83991.345219
2855	83991.288236
2856	83991.231308
2857	83991.174437
2858	83991.117620
2859	83991.060859
2860	83991.004154
2861	83990.947503
2862	83990.890908
2863	83990.834367
2864	83990.777882
2865	83990.721452
2866	83990.665076
2867	83990.608756
2868	83990.552490
2869	83990.496279
2870	83990.440122
2871	83990.384020
2872	83990.327972
2873	83990.271979
2874	83990.216040
2875	83990.160156
2876	83990.104326
2877	83990.048550
2878	83989.992828
2879	83989.937159
2880	83989.881545
2881	83989.825985
2882	83989.770479
2883	83989.715026
2884	83989.659627
2885	83989.604282
2886	83989.548990
2887	83989.493752
2888	83989.438567
2889	83989.383436
2890	83989.328358
2891	83989.273333
2892	83989.218361
2893	83989.163442
2894	83989.108577
2895	83989.053764
2896	83988.999005
2897	83988.944298
2898	83988.889644
2899	83988.835042
2900	83988.780494
2901	83988.725998
2902	83988.671554
2903	83988.617163
2904	83988.562825
2905	83988.508538
2906	83988.454304
2907	83988.400123
2908	83988.345993
2909	83988.291915
2910	83988.237890
2911	83988.183916
2912	83988.129995
2913	83988.076125
2914	83988.022307
2915	83987.968541
2916	83987.914826
2917	83987.861163
2918	83987.807552
2919	83987.753992
2920	83987.700483
2921	83987.647026
2922	83987.593620
2923	83987.540265
2924	83987.486961
2925	83987.433709
2926	83987.380507
2927	83987.327357
2928	83987.274257
2929	83987.221209
2930	83987.168211
2931	83987.115264
2932	83987.062367
2933	83987.009521
2934	83986.956726
2935	83986.903981
2936	83986.851287
2937	83986.798643
2938	83986.746049
2939	83986.693506
2940	83986.641012
2941	83986.588569
2942	83986.536176
2943	83986.483833
2944	83986.431540
2945	83986.379297
2946	83986.327104
2947	83986.274960
2948	83986.222867
2949	83986.170822
2950	83986.118828
2951	83986.066883
2952	83986.014987
2953	83985.963141
2954	83985.911344
2955	83985.859597
2956	83985.807899
2957	83985.756250
2958	83985.704650
2959	83985.653099
2960	83985.601598
2961	83985.550145
2962	83985.498741
2963	83985.447386
2964	83985.396080
2965	83985.344822
2966	83985.293613
2967	83985.242453
2968	83985.191341
2969	83985.140278
2970	83985.089263
2971	83985.038297
2972	83984.987379
2973	83984.936509
2974	83984.885688
2975	83984.834914
2976	83984.784189
2977	83984.733512
2978	83984.682882
2979	83984.632301
2980	83984.581768
2981	83984.531282
2982	83984.480844
2983	83984.430454
2984	83984.380111
2985	83984.329816
2986	83984.279569
2987	83984.229369
2988	83984.179217
2989	83984.129111
2990	83984.079054
2991	83984.029043
2992	83983.979080
2993	83983.929164
2994	83983.879295
2995	83983.829473
2996	83983.779697
2997	83983.729969
2998	83983.680288
2999	83983.630654
3000	83983.581066
3001	83983.531525
3002	83983.482031
3003	83983.432583
3004	83983.383182
3005	83983.333827
3006	83983.284519
3007	83983.235257
3008	83983.186042
3009	83983.136872
3010	83983.087749
3011	83983.038673
3012	83982.989642
3013	83982.940657
3014	83982.891719
3015	83982.842826
3016	83982.793979
3017	83982.745178
3018	83982.696423
3019	83982.647714
3020	83982.599050
3021	83982.550432
3022	83982.501859
3023	83982.453332
3024	83982.404851
3025	83982.356415
3026	83982.308024
3027	83982.259679
3028	83982.211379
3029	83982.163124
3030	83982.114914
3031	83982.066750
3032	83982.018630
3033	83981.970555
3034	83981.922526
3035	83981.874541
3036	83981.826601
3037	83981.778706
3038	83981.730856
3039	83981.683050
3040	83981.635289
3041	83981.587573
3042	83981.539901
3043	83981.492274
3044	83981.444691
3045	83981.397153
3046	83981.349658
3047	83981.302208
3048	83981.254803
3049	83981.207441
3050	83981.160124
3051	83981.112851
3052	83981.065622
3053	83981.018436
3054	83980.971295
3055	83980.924198
3056	83980.877144
3057	83980.830134
3058	83980.783168
3059	83980.736246
3060	83980.689367
3061	83980.642532
3062	83980.595740
3063	83980.548992
3064	83980.502287
3065	83980.455626
3066	83980.409008
3067	83980.362433
3068	83980.315901
3069	83980.269413
3070	83980.222968
3071	83980.176566
3072	83980.130207
3073	83980.083890
3074	83980.037617
3075	83979.991387
3076	83979.945199
3077	83979.899055
3078	83979.852953
3079	83979.806894
3080	83979.760877
3081	83979.714903
3082	83979.668972
3083	83979.623083
3084	83979.577236
3085	83979.531432
3086	83979.485670
3087	83979.439951
3088	83979.394274
3089	83979.348639
3090	83979.303046
3091	83979.257495
3092	83979.211986
3093	83979.166520
3094	83979.121095
3095	83979.075712
3096	83979.030372
3097	83978.985073
3098	83978.939815
3099	83978.894600
3100	83978.849426
3101	83978.804294
3102	83978.759203
3103	83978.714154
3104	83978.669147
3105	83978.624180
3106	83978.579256
3107	83978.534372
3108	83978.489530
3109	83978.444730
3110	83978.399970
3111	83978.355252
3112	83978.310574
3113	83978.265938
3114	83978.221343
3115	83978.176789
3116	83978.132276
3117	83978.087803
3118	83978.043372
3119	83977.998981
3120	83977.954631
3121	83977.910322
3122	83977.866053
3123	83977.821826
3124	83977.777638
3125	83977.733491
3126	83977.689385
3127	83977.645319
3128	83977.601293
3129	83977.557308
3130	83977.513363
3131	83977.469459
3132	83977.425594
3133	83977.381770
3134	83977.337986
3135	83977.294242
3136	83977.250538
3137	83977.206874
3138	83977.163250
3139	83977.119665
3140	83977.076121
3141	83977.032617
3142	83976.989152
3143	83976.945727
3144	83976.902341
3145	83976.858995
3146	83976.815689
3147	83976.772423
3148	83976.729195
3149	83976.686008
3150	83976.642859
3151	83976.599750
3152	83976.556681
3153	83976.513650
3154	83976.470659
3155	83976.427707
3156	83976.384795
3157	83976.341921
3158	83976.299086
3159	83976.256291
3160	83976.213534
3161	83976.170816
3162	83976.128138
3163	83976.085498
3164	83976.042897
3165	83976.000334
3166	83975.957810
3167	83975.915325
3168	83975.872879
3169	83975.830471
3170	83975.788102
3171	83975.745771
3172	83975.703479
3173	83975.661225
3174	83975.619009
3175	83975.576832
3176	83975.534693
3177	83975.492592
3178	83975.450530
3179	83975.408506
3180	83975.366519
3181	83975.324571
3182	83975.282661
3183	83975.240789
3184	83975.198955
3185	83975.157159
3186	83975.115400
3187	83975.073680
3188	83975.031997
3189	83974.990352
3190	83974.948744
3191	83974.907175
3192	83974.865643
3193	83974.824148
3194	83974.782691
3195	83974.741272
3196	83974.699890
3197	83974.658545
3198	83974.617238
3199	83974.575968
3200	83974.534735
3201	83974.493540
3202	83974.452381
3203	83974.411260
3204	83974.370177
3205	83974.329130
3206	83974.288120
3207	83974.247147
3208	83974.206211
3209	83974.165312
3210	83974.124450
3211	83974.083625
3212	83974.042837
3213	83974.002085
3214	83973.961370
3215	83973.920692
3216	83973.880050
3217	83973.839445
3218	83973.798877
3219	83973.758345
3220	83973.717849
3221	83973.677390
3222	83973.636968
3223	83973.596581
3224	83973.556231
3225	83973.515918
3226	83973.475640
3227	83973.435399
3228	83973.395194
3229	83973.355025
3230	83973.314892
3231	83973.274795
3232	83973.234734
3233	83973.194709
3234	83973.154721
3235	83973.114767
3236	83973.074850
3237	83973.034969
3238	83972.995123
3239	83972.955313
3240	83972.915539
3241	83972.875800
3242	83972.836097
3243	83972.796430
3244	83972.756798
3245	83972.717202
3246	83972.677641
3247	83972.638115
3248	83972.598625
3249	83972.559171
3250	83972.519751
3251	83972.480367
3252	83972.441018
3253	83972.401704
3254	83972.362426
3255	83972.323182
3256	83972.283974
3257	83972.244800
3258	83972.205662
3259	83972.166558
3260	83972.127490
3261	83972.088456
3262	83972.049457
3263	83972.010493
3264	83971.971564
3265	83971.932670
3266	83971.893810
3267	83971.854985
3268	83971.816195
3269	83971.777439
3270	83971.738717
3271	83971.700030
3272	83971.661378
3273	83971.622760
3274	83971.584177
3275	83971.545628
3276	83971.507113
3277	83971.468632
3278	83971.430186
3279	83971.391774
3280	83971.353396
3281	83971.315052
3282	83971.276743
3283	83971.238467
3284	83971.200226
3285	83971.162018
3286	83971.123844
3287	83971.085705
3288	83971.047599
3289	83971.009527
3290	83970.971489
3291	83970.933485
3292	83970.895514
3293	83970.857577
3294	83970.819674
3295	83970.781805
3296	83970.743969
3297	83970.706166
3298	83970.668397
3299	83970.630662
3300	83970.592960
3301	83970.555291
3302	83970.517656
3303	83970.480055
3304	83970.442486
3305	83970.404951
3306	83970.367449
3307	83970.329980
3308	83970.292545
3309	83970.255142
3310	83970.217773
3311	83970.180436
3312	83970.143133
3313	83970.105863
3314	83970.068626
3315	83970.031421
3316	83969.994250
3317	83969.957111
3318	83969.920005
3319	83969.882932
3320	83969.845892
3321	83969.808884
3322	83969.771909
3323	83969.734967
3324	83969.698057
3325	83969.661180
3326	83969.624336
3327	83969.587524
3328	83969.550744
3329	83969.513997
3330	83969.477282
3331	83969.440600
3332	83969.403950
3333	83969.367332
3334	83969.330747
3335	83969.294194
3336	83969.257673
3337	83969.221184
3338	83969.184727
3339	83969.148302
3340	83969.111910
3341	83969.075549
3342	83969.039221
3343	83969.002924
3344	83968.966659
3345	83968.930427
3346	83968.894226
3347	83968.858057
3348	83968.821919
3349	83968.785814
3350	83968.749740
3351	83968.713698
3352	83968.677687
3353	83968.641708
3354	83968.605761
3355	83968.569845
3356	83968.533961
3357	83968.498108
3358	83968.462287
3359	83968.426497
3360	83968.390739
3361	83968.355012
3362	83968.319316
3363	83968.283652
3364	83968.248018
3365	83968.212416
3366	83968.176846
3367	83968.141306
3368	83968.105798
3369	83968.070320
3370	83968.034874
3371	83967.999459
3372	83967.964074
3373	83967.928721
3374	83967.893398
3375	83967.858107
3376	83967.822846
3377	83967.787617
3378	83967.752418
3379	83967.717249
3380	83967.682112
3381	83967.647005
3382	83967.611929
3383	83967.576883
3384	83967.541869
3385	83967.506884
3386	83967.471931
3387	83967.437007
3388	83967.402115
3389	83967.367252
3390	83967.332420
3391	83967.297619
3392	83967.262848
3393	83967.228107
3394	83967.193397
3395	83967.158716
3396	83967.124066
3397	83967.089446
3398	83967.054857
3399	83967.020297
3400	83966.985768
3401	83966.951268
3402	83966.916799
3403	83966.882360
3404	83966.847951
3405	83966.813571
3406	83966.779222
3407	83966.744902
3408	83966.710612
3409	83966.676352
3410	83966.642122
3411	83966.607922
3412	83966.573751
3413	83966.539611
3414	83966.505499
3415	83966.471418
3416	83966.437366
3417	83966.403343
3418	83966.369350
3419	83966.335387
3420	83966.301453
3421	83966.267549
3422	83966.233674
3423	83966.199828
3424	83966.166012
3425	83966.132225
3426	83966.098467
3427	83966.064739
3428	83966.031040
3429	83965.997370
3430	83965.963729
3431	83965.930118
3432	83965.896535
3433	83965.862982
3434	83965.829457
3435	83965.795962
3436	83965.762496
3437	83965.729059
3438	83965.695650
3439	83965.662271
3440	83965.628920
3441	83965.595598
3442	83965.562306
3443	83965.529041
3444	83965.495806
3445	83965.462599
3446	83965.429422
3447	83965.396272
3448	83965.363152
3449	83965.330060
3450	83965.296996
3451	83965.263961
3452	83965.230955
3453	83965.197977
3454	83965.165028
3455	83965.132107
3456	83965.099214
3457	83965.066350
3458	83965.033515
3459	83965.000707
3460	83964.967928
3461	83964.935177
3462	83964.902454
3463	83964.869760
3464	83964.837094
3465	83964.804455
3466	83964.771845
3467	83964.739263
3468	83964.706710
3469	83964.674184
3470	83964.641686
3471	83964.609216
3472	83964.576774
3473	83964.544360
3474	83964.511974
3475	83964.479616
3476	83964.447285
3477	83964.414983
3478	83964.382708
3479	83964.350461
3480	83964.318241
3481	83964.286050
3482	83964.253886
3483	83964.221749
3484	83964.189640
3485	83964.157559
3486	83964.125505
3487	83964.093479
3488	83964.061481
3489	83964.029510
3490	83963.997566
3491	83963.965649
3492	83963.933760
3493	83963.901899
3494	83963.870065
3495	83963.838258
3496	83963.806478
3497	83963.774725
3498	83963.743000
3499	83963.711302
3500	83963.679631
3501	83963.647987
3502	83963.616371
3503	83963.584781
3504	83963.553219
3505	83963.521683
3506	83963.490174
3507	83963.458693
3508	83963.427238
3509	83963.395811
3510	83963.364410
3511	83963.333036
3512	83963.301689
3513	83963.270368
3514	83963.239075
3515	83963.207808
3516	83963.176568
3517	83963.145354
3518	83963.114168
3519	83963.083008
3520	83963.051874
3521	83963.020767
3522	83962.989687
3523	83962.958633
3524	83962.927606
3525	83962.896605
3526	83962.865631
3527	83962.834683
3528	83962.803761
3529	83962.772866
3530	83962.741997
3531	83962.711155
3532	83962.680338
3533	83962.649548
3534	83962.618785
3535	83962.588047
3536	83962.557336
3537	83962.526651
3538	83962.495992
3539	83962.465359
3540	83962.434752
3541	83962.404171
3542	83962.373617
3543	83962.343088
3544	83962.312585
3545	83962.282108
3546	83962.251657
3547	83962.221232
3548	83962.190833
3549	83962.160460
3550	83962.130113
3551	83962.099791
3552	83962.069495
3553	83962.039225
3554	83962.008980
3555	83961.978762
3556	83961.948569
3557	83961.918401
3558	83961.888259
3559	83961.858143
3560	83961.828053
3561	83961.797987
3562	83961.767948
3563	83961.737934
3564	83961.707945
3565	83961.677982
3566	83961.648044
3567	83961.618131
3568	83961.588244
3569	83961.558383
3570	83961.528546
3571	83961.498735
3572	83961.468949
3573	83961.439188
3574	83961.409453
3575	83961.379743
3576	83961.350058
3577	83961.320398
3578	83961.290763
3579	83961.261153
3580	83961.231568
3581	83961.202008
3582	83961.172474
3583	83961.142964
3584	83961.113479
3585	83961.084019
3586	83961.054584
3587	83961.025174
3588	83960.995789
3589	83960.966429
3590	83960.937093
3591	83960.907783
3592	83960.878497
3593	83960.849235
3594	83960.819999
3595	83960.790787
3596	83960.761600
3597	83960.732437
3598	83960.703299
3599	83960.674186
3600	83960.645097
3601	83960.616032
3602	83960.586993
3603	83960.557977
3604	83960.528987
3605	83960.500020
3606	83960.471078
3607	83960.442161
3608	83960.413267
3609	83960.384399
3610	83960.355554
3611	83960.326734
3612	83960.297938
3613	83960.269166
3614	83960.240418
3615	83960.211695
3616	83960.182996
3617	83960.154321
3618	83960.125670
3619	83960.097043
3620	83960.068441
3621	83960.039862
3622	83960.011308
3623	83959.982777
3624	83959.954270
3625	83959.925788
3626	83959.897329
3627	83959.868894
3628	83959.840483
3629	83959.812096
3630	83959.783733
3631	83959.755394
3632	83959.727078
3633	83959.698786
3634	83959.670518
3635	83959.642274
3636	83959.614053
3637	83959.585856
3638	83959.557683
3639	83959.529533
3640	83959.501407
3641	83959.473305
3642	83959.445226
3643	83959.417171
3644	83959.389139
3645	83959.361131
3646	83959.333146
3647	83959.305184
3648	83959.277246
3649	83959.249332
3650	83959.221440
3651	83959.193573
3652	83959.165728
3653	83959.137907
3654	83959.110109
3655	83959.082334
3656	83959.054583
3657	83959.026854
3658	83958.999149
3659	83958.971468
3660	83958.943809
3661	83958.916173
3662	83958.888561
3663	83958.860971
3664	83958.833405
3665	83958.805862
3666	83958.778341
3667	83958.750844
3668	83958.723370
3669	83958.695918
3670	83958.668490
3671	83958.641084
3672	83958.613702
3673	83958.586342
3674	83958.559005
3675	83958.531691
3676	83958.504399
3677	83958.477131
3678	83958.449885
3679	83958.422662
3680	83958.395461
3681	83958.368283
3682	83958.341128
3683	83958.313996
3684	83958.286886
3685	83958.259799
3686	83958.232734
3687	83958.205692
3688	83958.178672
3689	83958.151675
3690	83958.124700
3691	83958.097748
3692	83958.070818
3693	83958.043911
3694	83958.017026
3695	83957.990164
3696	83957.963323
3697	83957.936505
3698	83957.909710
3699	83957.882937
3700	83957.856185
3701	83957.829457
3702	83957.802750
3703	83957.776066
3704	83957.749403
3705	83957.722763
3706	83957.696145
3707	83957.669550
3708	83957.642976
3709	83957.616424
3710	83957.589895
3711	83957.563387
3712	83957.536901
3713	83957.510438
3714	83957.483996
3715	83957.457576
3716	83957.431179
3717	83957.404803
3718	83957.378449
3719	83957.352117
3720	83957.325806
3721	83957.299518
3722	83957.273251
3723	83957.247006
3724	83957.220783
3725	83957.194582
3726	83957.168402
3727	83957.142244
3728	83957.116107
3729	83957.089993
3730	83957.063899
3731	83957.037828
3732	83957.011778
3733	83956.985750
3734	83956.959743
3735	83956.933757
3736	83956.907794
3737	83956.881851
3738	83956.855930
3739	83956.830031
3740	83956.804153
3741	83956.778296
3742	83956.752461
3743	83956.726647
3744	83956.700855
3745	83956.675083
3746	83956.649333
3747	83956.623605
3748	83956.597897
3749	83956.572211
3750	83956.546546
3751	83956.520902
3752	83956.495280
3753	83956.469678
3754	83956.444098
3755	83956.418539
3756	83956.393000
3757	83956.367483
3758	83956.341987
3759	83956.316512
3760	83956.291058
3761	83956.265625
3762	83956.240213
3763	83956.214822
3764	83956.189452
3765	83956.164103
3766	83956.138774
3767	83956.113467
3768	83956.088180
3769	83956.062914
3770	83956.037669
3771	83956.012445
3772	83955.987242
3773	83955.962059
3774	83955.936897
3775	83955.911756
3776	83955.886635
3777	83955.861535
3778	83955.836456
3779	83955.811397
3780	83955.786359
3781	83955.761342
3782	83955.736345
3783	83955.711368
3784	83955.686413
3785	83955.661477
3786	83955.636563
3787	83955.611668
3788	83955.586794
3789	83955.561941
3790	83955.537108
3791	83955.512295
3792	83955.487503
3793	83955.462731
3794	83955.437980
3795	83955.413248
3796	83955.388537
3797	83955.363847
3798	83955.339176
3799	83955.314526
3800	83955.289896
3801	83955.265286
3802	83955.240697
3803	83955.216127
3804	83955.191578
3805	83955.167049
3806	83955.142540
3807	83955.118051
3808	83955.093582
3809	83955.069133
3810	83955.044704
3811	83955.020295
3812	83954.995907
3813	83954.971538
3814	83954.947189
3815	83954.922860
3816	83954.898551
3817	83954.874262
3818	83954.849992
3819	83954.825743
3820	83954.801513
3821	83954.777304
3822	83954.753114
3823	83954.728943
3824	83954.704793
3825	83954.680662
3826	83954.656551
3827	83954.632460
3828	83954.608389
3829	83954.584337
3830	83954.560305
3831	83954.536292
3832	83954.512299
3833	83954.488326
3834	83954.464372
3835	83954.440437
3836	83954.416523
3837	83954.392628
3838	83954.368752
3839	83954.344896
3840	83954.321059
3841	83954.297242
3842	83954.273444
3843	83954.249665
3844	83954.225906
3845	83954.202167
3846	83954.178446
3847	83954.154745
3848	83954.131064
3849	83954.107401
3850	83954.083758
3851	83954.060134
3852	83954.036530
3853	83954.012944
3854	83953.989378
3855	83953.965831
3856	83953.942303
3857	83953.918795
3858	83953.895305
3859	83953.871835
3860	83953.848384
3861	83953.824952
3862	83953.801538
3863	83953.778144
3864	83953.754769
3865	83953.731413
3866	83953.708076
3867	83953.684758
3868	83953.661459
3869	83953.638179
3870	83953.614918
3871	83953.591676
3872	83953.568452
3873	83953.545248
3874	83953.522062
3875	83953.498895
3876	83953.475747
3877	83953.452618
3878	83953.429507
3879	83953.406415
3880	83953.383343
3881	83953.360288
3882	83953.337253
3883	83953.314236
3884	83953.291238
3885	83953.268258
3886	83953.245297
3887	83953.222355
3888	83953.199432
3889	83953.176527
3890	83953.153640
3891	83953.130772
3892	83953.107923
3893	83953.085092
3894	83953.062280
3895	83953.039486
3896	83953.016710
3897	83952.993953
3898	83952.971215
3899	83952.948495
3900	83952.925793
3901	83952.903110
3902	83952.880445
3903	83952.857798
3904	83952.835170
3905	83952.812560
3906	83952.789968
3907	83952.767395
3908	83952.744840
3909	83952.722303
3910	83952.699784
3911	83952.677284
3912	83952.654801
3913	83952.632337
3914	83952.609891
3915	83952.587464
3916	83952.565054
3917	83952.542662
3918	83952.520289
3919	83952.497934
3920	83952.475596
3921	83952.453277
3922	8395