0	11.077582	44.150980
1	10.817562	43.163655
2	10.541794	42.117593
3	10.250660	41.014098
4	9.944855	39.855599
5	9.625417	38.645753
6	9.293744	37.389507
7	8.951597	36.093113
8	8.601084	34.764084
9	8.244625	33.411073
10	7.884898	32.043686
11	7.524762	30.672218
12	7.167167	29.307340
13	6.815048	27.959728
14	6.471217	26.639691
15	6.138263	25.356792
16	5.818454	24.119521
17	5.513666	22.935025
18	5.225337	21.808922
19	4.954443	20.745211
20	4.701505	19.746276
21	4.466619	18.812972
22	4.249505	17.944792
23	4.049571	17.140067
24	3.865984	16.396206
25	3.697735	15.709935
26	3.543707	15.077528
27	3.402736	14.495007
28	3.273650	13.958316
29	3.155313	13.463459
30	3.046650	13.006598
31	2.946661	12.584125
32	2.854431	12.192702
33	2.769138	11.829282
34	2.690047	11.491112
35	2.616506	11.175724
36	2.547941	10.880919
37	2.483850	10.604746
38	2.423793	10.345477
39	2.367384	10.101584
40	2.314287	9.871718
41	2.264207	9.654682
42	2.216884	9.449417
43	2.172092	9.254983
44	2.129628	9.070541
45	2.089313	8.895342
46	2.050989	8.728714
47	2.014512	8.570052
48	1.979754	8.418811
49	1.946599	8.274498
50	1.914944	8.136662
51	1.884691	8.004895
52	1.855756	7.878823
53	1.828057	7.758103
54	1.801522	7.642419
55	1.776084	7.531481
56	1.751679	7.425021
57	1.728252	7.322789
58	1.705748	7.224557
59	1.684118	7.130111
60	1.663316	7.039250
61	1.643299	6.951790
62	1.624026	6.867557
63	1.605461	6.786390
64	1.587568	6.708138
65	1.570314	6.632658
66	1.553668	6.559817
67	1.537602	6.489490
68	1.522088	6.421561
69	1.507101	6.355917
70	1.492616	6.292456
71	1.478611	6.231080
72	1.465064	6.171694
73	1.451955	6.114214
74	1.439265	6.058555
75	1.426975	6.004640
76	1.415070	5.952395
77	1.403532	5.901749
78	1.392346	5.852638
79	1.381498	5.804998
80	1.370974	5.758769
81	1.360761	5.713895
82	1.350846	5.670322
83	1.341218	5.628000
84	1.331866	5.586879
85	1.322778	5.546914
86	1.313945	5.508061
87	1.305356	5.470277
88	1.297004	5.433524
89	1.288879	5.397762
90	1.280973	5.362956
91	1.273277	5.329072
92	1.265785	5.296075
93	1.258488	5.263935
94	1.251381	5.232622
95	1.244455	5.202106
96	1.237706	5.172361
97	1.231127	5.143360
98	1.224712	5.115077
99	1.218456	5.087489
100	1.212353	5.060573
101	1.206399	5.034306
102	1.200588	5.008667
103	1.194915	4.983636
104	1.189377	4.959193
105	1.183969	4.935319
106	1.178687	4.911998
107	1.173526	4.889210
108	1.168484	4.866941
109	1.163556	4.845173
110	1.158740	4.823892
111	1.154030	4.803082
112	1.149425	4.782730
113	1.144922	4.762822
114	1.140516	4.743345
115	1.136206	4.724287
116	1.131988	4.705634
117	1.127860	4.687376
118	1.123820	4.669501
119	1.119864	4.651998
120	1.115991	4.634857
121	1.112198	4.618067
122	1.108482	4.601619
123	1.104842	4.585504
124	1.101276	4.569712
125	1.097782	4.554235
126	1.094357	4.539064
127	1.091000	4.524191
128	1.087709	4.509608
129	1.084483	4.495308
130	1.081318	4.481282
131	1.078215	4.467524
132	1.075172	4.454028
133	1.072186	4.440785
134	1.069256	4.427791
135	1.066381	4.415038
136	1.063560	4.402520
137	1.060792	4.390232
138	1.058074	4.378168
139	1.055405	4.366323
140	1.052786	4.354691
141	1.050213	4.343267
142	1.047687	4.332045
143	1.045205	4.321022
144	1.042768	4.310192
145	1.040373	4.299551
146	1.038021	4.289095
147	1.035709	4.278819
148	1.033437	4.268718
149	1.031205	4.258789
150	1.029010	4.249029
151	1.026853	4.239432
152	1.024732	4.229996
153	1.022646	4.220717
154	1.020596	4.211591
155	1.018580	4.202615
156	1.016596	4.193786
157	1.014646	4.185100
158	1.012727	4.176555
159	1.010839	4.168146
160	1.008982	4.159872
161	1.007155	4.151730
162	1.005357	4.143716
163	1.003587	4.135828
164	1.001845	4.128063
165	1.000131	4.120419
166	0.998443	4.112893
167	0.996782	4.105482
168	0.995146	4.098185
169	0.993536	4.091000
170	0.991950	4.083922
171	0.990388	4.076952
172	0.988850	4.070086
173	0.987336	4.063322
174	0.985843	4.056659
175	0.984374	4.050093
176	0.982926	4.043625
177	0.981499	4.037250
178	0.980093	4.030969
179	0.978708	4.024778
180	0.977343	4.018676
181	0.975998	4.012662
182	0.974672	4.006733
183	0.973365	4.000889
184	0.972077	3.995127
185	0.970808	3.989446
186	0.969556	3.983844
187	0.968322	3.978321
188	0.967105	3.972874
189	0.965905	3.967502
