0	11.063178	99.340560
1	10.776614	96.797811
2	10.470864	94.085730
3	10.146460	91.208921
4	9.804401	88.176058
5	9.446196	85.000265
6	9.073886	81.699317
7	8.690040	78.295608
8	8.297718	74.815835
9	7.900395	71.290361
10	7.501856	67.752273
11	7.106050	64.236148
12	6.716927	60.776626
13	6.338260	57.406897
14	5.973484	54.157221
15	5.625540	51.053647
16	5.296770	48.117028
17	4.988848	45.362435
18	4.702764	42.798983
19	4.438855	40.430081
20	4.196872	38.254007
21	3.976078	36.264738
22	3.775361	34.452904
23	3.593346	32.806785
24	3.428504	31.313230
25	3.279241	29.958469
26	3.143977	28.728766
27	3.021197	27.610905
28	2.909491	26.592525
29	2.807572	25.662312
30	2.714289	24.810093
31	2.628622	24.026842
32	2.549682	23.304634
33	2.476694	22.636560
34	2.408989	22.016627
35	2.345993	21.439655
36	2.287209	20.901168
37	2.232209	20.397295
38	2.180624	19.924687
39	2.132134	19.480433
40	2.086462	19.061995
41	2.043365	18.667153
42	2.002628	18.293952
43	1.964064	17.940665
44	1.927505	17.605758
45	1.892801	17.287860
46	1.859821	16.985743
47	1.828442	16.698302
48	1.798556	16.424537
49	1.770064	16.163540
50	1.742876	15.914483
51	1.716911	15.676612
52	1.692092	15.449234
53	1.668350	15.231713
54	1.645621	15.023463
55	1.623847	14.823945
56	1.602972	14.632658
57	1.582947	14.449140
58	1.563724	14.272960
59	1.545259	14.103719
60	1.527513	13.941046
61	1.510447	13.784595
62	1.494026	13.634042
63	1.478217	13.489084
64	1.462989	13.349441
65	1.448313	13.214848
66	1.434162	13.085056
67	1.420510	12.959834
68	1.407334	12.838963
69	1.394612	12.722239
70	1.382321	12.609467
71	1.370443	12.500468
72	1.358959	12.395069
73	1.347850	12.293110
74	1.337101	12.194439
75	1.326695	12.098911
76	1.316618	12.006392
77	1.306855	11.916752
78	1.297394	11.829871
79	1.288222	11.745634
80	1.279326	11.663931
81	1.270696	11.584659
82	1.262321	11.507721
83	1.254190	11.433023
84	1.246295	11.360478
85	1.238625	11.290002
86	1.231173	11.221514
87	1.223929	11.154939
88	1.216886	11.090205
89	1.210037	11.027244
90	1.203374	10.965989
91	1.196890	10.906378
92	1.190579	10.848352
93	1.184435	10.791854
94	1.178452	10.736830
95	1.172623	10.683228
96	1.166945	10.630998
97	1.161411	10.580094
98	1.156016	10.530469
99	1.150757	10.482082
100	1.145627	10.434890
101	1.140624	10.388853
102	1.135743	10.343934
103	1.130979	10.300097
104	1.126329	10.257306
105	1.121790	10.215528
106	1.117358	10.174731
107	1.113029	10.134883
108	1.108800	10.095956
109	1.104669	10.057921
110	1.100632	10.020751
111	1.096686	9.984419
112	1.092828	9.948900
113	1.089057	9.914170
114	1.085368	9.880205
115	1.081761	9.846983
116	1.078232	9.814483
117	1.074780	9.782682
118	1.071401	9.751563
119	1.068095	9.721104
120	1.064858	9.691287
121	1.061689	9.662095
122	1.058586	9.633509
123	1.055548	9.605514
124	1.052572	9.578092
125	1.049656	9.551229
126	1.046800	9.524909
127	1.044001	9.499118
128	1.041258	9.473841
129	1.038569	9.449066
130	1.035934	9.424778
131	1.033350	9.400965
132	1.030817	9.377615
133	1.028332	9.354716
134	1.025896	9.332257
135	1.023506	9.310225
136	1.021161	9.288611
137	1.018860	9.267405
138	1.016603	9.246595
139	1.014387	9.226172
140	1.012213	9.206127
141	1.010079	9.186450
142	1.007983	9.167133
