0	11.066927	210.005327
1	10.765467	204.306257
2	10.442826	198.207317
3	10.099643	191.720491
4	9.737128	184.868492
5	9.357114	177.685766
6	8.962083	170.218962
7	8.555152	162.526702
8	8.140018	154.678507
9	7.720846	146.752796
10	7.302121	138.833994
11	6.888450	131.008909
12	6.484348	123.362638
13	6.094013	115.974392
14	5.721121	108.913664
15	5.368669	102.237132
16	5.038858	95.986614
17	4.733057	90.188248
18	4.451822	84.852878
19	4.194972	79.977493
20	3.961712	75.547440
21	3.750770	71.539067
22	3.560547	67.922485
23	3.389253	64.664147
24	3.235025	61.729093
25	3.096024	59.082713
26	2.970498	56.692040
27	2.856832	54.526589
28	2.753567	52.558814
29	2.659411	50.764269
30	2.573232	49.121559
31	2.494054	47.612148
32	2.421036	46.220093
33	2.353460	44.931740
34	2.290711	43.735421
35	2.232267	42.621166
36	2.177678	41.580438
37	2.126561	40.605910
38	2.078584	39.691261
39	2.033460	38.831018
40	1.990939	38.020408
41	1.950803	37.255251
42	1.912857	36.531865
43	1.876932	35.846982
44	1.842875	35.197694
45	1.810549	34.581395
46	1.779831	33.995741
47	1.750610	33.438611
48	1.722786	32.908084
49	1.696267	32.402409
50	1.670969	31.919989
51	1.646815	31.459358
52	1.623734	31.019174
53	1.601662	30.598198
54	1.580539	30.195289
55	1.560310	29.809394
56	1.540922	29.439535
57	1.522329	29.084808
58	1.504487	28.744374
59	1.487354	28.417450
60	1.470893	28.103309
61	1.455067	27.801274
62	1.439843	27.510713
63	1.425191	27.231033
64	1.411081	26.961684
65	1.397487	26.702147
66	1.384382	26.451938
67	1.371743	26.210603
68	1.359547	25.977715
69	1.347774	25.752874
70	1.336403	25.535703
71	1.325417	25.325848
72	1.314796	25.122974
73	1.304526	24.926768
74	1.294589	24.736932
75	1.284973	24.553187
76	1.275662	24.375269
77	1.266643	24.202926
78	1.257905	24.035925
79	1.249434	23.874039
80	1.241221	23.717059
81	1.233255	23.564782
82	1.225526	23.417019
83	1.218023	23.273590
84	1.210739	23.134322
85	1.203664	22.999054
86	1.196791	22.867630
87	1.190112	22.739903
88	1.183619	22.615734
89	1.177306	22.494988
90	1.171165	22.377540
91	1.165190	22.263268
92	1.159376	22.152056
93	1.153717	22.043796
94	1.148207	21.938381
95	1.142840	21.835711
96	1.137612	21.735692
97	1.132518	21.638230
98	1.127553	21.543239
99	1.122714	21.450635
100	1.117995	21.360338
101	1.113393	21.272270
102	1.108903	21.186359
103	1.104523	21.102535
104	1.100249	21.020728
105	1.096076	20.940876
106	1.092003	20.862915
107	1.088025	20.786786
108	1.084141	20.712432
109	1.080346	20.639798
110	1.076638	20.568830
111	1.073015	20.499479
112	1.069474	20.431695
113	1.066013	20.365431
114	1.062628	20.300643
115	1.059319	20.237286
116	1.056082	20.175318
117	1.052916	20.114701
118	1.049818	20.055393
119	1.046786	19.997359
120	1.043820	19.940562
121	1.040916	19.884967
122	1.038073	19.830540
123	1.035290	19.777250
124	1.032564	19.725065
125	1.029894	19.673954
126	1.027280	19.623888
127	1.024718	19.574840
128	1.022208	19.526782
129	1.019748	19.479688
130	1.017337	19.433532
131	1.014975	19.388290
132	1.012658	19.343938
133	1.010387	19.300453
134	1.008160	19.257812
135	1.005976	19.215995
136	1.003834	19.174980
137	1.001732	19.134747
138	0.999671	19.095276
139	0.997648	19.056549
