0	11.063615	1094.172667
1	10.750197	1063.185613
2	10.413905	1029.937143
3	10.055478	994.500413
4	9.676327	957.014652
5	9.278591	917.691312
6	8.865165	876.816628
7	8.439680	834.749385
8	8.006419	791.912963
9	7.570177	748.781274
10	7.136059	705.858965
11	6.709236	663.657186
12	6.294675	622.667034
13	5.896878	583.333440
14	5.519646	546.032403
15	5.165915	511.054139
16	4.837658	478.593885
17	4.535878	448.750906
18	4.260673	421.535087
19	4.011365	396.879467
20	3.786662	374.656514
21	3.584838	354.695791
22	3.403908	336.800995
23	3.241774	320.764852
24	3.096348	306.381036
25	2.965640	293.452844
26	2.847815	281.798817
27	2.741222	271.255771
28	2.644406	261.679812
29	2.556103	252.945949
30	2.475228	244.946786
31	2.400853	237.590733
32	2.332193	230.800026
33	2.268582	224.508757
34	2.209454	218.661040
35	2.154330	213.209375
36	2.102799	208.113235
37	2.054511	203.337866
38	2.009164	198.853294
39	1.966492	194.633506
40	1.926268	190.655780
41	1.888290	186.900143
42	1.852378	183.348929
43	1.818374	179.986426
44	1.786137	176.798579
45	1.755538	173.772760
46	1.726462	170.897568
47	1.698804	168.162672
48	1.672471	165.558678
49	1.647374	163.077013
50	1.623436	160.709835
51	1.600583	158.449951
52	1.578748	156.290749
53	1.557870	154.226136
54	1.537891	152.250491
55	1.518761	150.358616
56	1.500428	148.545698
57	1.482850	146.807274
58	1.465983	145.139199
59	1.449789	143.537619
60	1.434231	141.998947
61	1.419275	140.519840
62	1.404891	139.097177
63	1.391049	137.728045
64	1.377720	136.409719
65	1.364879	135.139649
66	1.352503	133.915447
67	1.340568	132.734873
68	1.329053	131.595825
69	1.317939	130.496330
70	1.307205	129.434531
71	1.296836	128.408684
72	1.286813	127.417143
73	1.277122	126.458360
74	1.267748	125.530875
75	1.258676	124.633309
76	1.249894	123.764360
77	1.241389	122.922798
78	1.233149	122.107461
79	1.225164	121.317247
80	1.217422	120.551114
81	1.209913	119.808074
82	1.202629	119.087191
83	1.195560	118.387577
84	1.188698	117.708388
85	1.182034	117.048823
86	1.175560	116.408121
87	1.169271	115.785558
88	1.163158	115.180446
89	1.157214	114.592129
90	1.151434	114.019982
91	1.145812	113.463410
92	1.140342	112.921846
93	1.135018	112.394748
94	1.129834	111.881601
95	1.124787	111.381910
96	1.119872	110.895205
97	1.115083	110.421035
98	1.110416	109.958970
99	1.105868	109.508598
100	1.101434	109.069524
101	1.097110	108.641371
102	1.092893	108.223778
103	1.088780	107.816398
104	1.084766	107.418899
105	1.080849	107.030963
106	1.077025	106.652284
107	1.073292	106.282568
108	1.069647	105.921536
109	1.066087	105.568915
110	1.062609	105.224446
111	1.059211	104.887879
112	1.055891	104.558975
113	1.052646	104.237503
114	1.049473	103.923240
115	1.046372	103.615972
116	1.043338	103.315493
