x y z
1 0 0
0.76024459707563 0.649636939080062 0.707106781186548
0.155943694765374 0.987765945992736 1.41421356237310
-0.523133894288856 0.85225050815249 2.12132034355964
-0.951363128125847 0.308071742363045 2.82842712474619
-0.923403461740436 -0.383830752866128 3.53553390593274
-0.452661857292352 -0.891682254478936 4.24264068711929
0.235135999122974 -0.971962479685528 4.94974746830583
0.810183603114795 -0.586176193003373 5.65685424949238
0.996739414691605 0.0806879123551761 6.36396103067893
0.705347906308442 0.708861291838042 7.07106781186548
0.0757344549675964 0.99712802203667 7.77817459305202
-0.590194485905277 0.807261090854134 8.48528137423857
-0.973118793234228 0.230303743465799 9.19238815542512
-0.889422123832881 -0.457086737541801 9.89949493661167
-0.379237935092732 -0.925299188687962 10.6066017177982
0.312794941512145 -0.949820680215173 11.3137084989848
0.854839263647124 -0.518892891960608 12.0208152801713
0.986978921599527 0.160849645067171 12.7279220613579
0.645851521500022 0.763463039168307 13.4350288425444
-0.0049686621325943 0.99998765612212 14.1421356237310
-0.65340631858202 0.757007386250023 14.8492424049175
-0.988528584661522 0.151033894563729 15.5563491861040
-0.849640712505465 -0.527361981615291 16.2634559672906
-0.303340937614012 -0.952882089015977 16.9705627484771
0.388414094719645 -0.92148493803378 17.6776695296637
0.893920371491279 -0.448225801837527 18.3847763108502
0.970782170564523 0.239962449800033 19.0918830920368
0.582143428726786 0.813086113760542 19.7989898732233
-0.0856393777392829 0.996326200087315 20.5060966544099
