"a" "b" "c" "d" "e" "f" "g" "h"
"1" 0.703710899499176 0.171215376000514 1.99914630815886 -0.943857883103192 -7.82330172951333 2.10749176832968 0.187125192955136 0.881639047991484
"2" 0.0241546826784541 0.150998511762465 1.97066194404079 0.78190276119858 -9.14578738855198 2.02034470682098 0.578356226440519 -0.71311058383435
"3" 1.3261337863976 0.600392507616482 1.99558228430957 0.314600580371916 -6.37151081347838 2.00829124839733 -0.532902237027884 0.513744067400694
"4" 0.725630247092863 0.401964579764344 1.96547484813972 -0.361372358165681 -5.88567524915561 1.89772892727231 0.233086558058858 -0.530367938801646
"5" 0.190425292329710 0.427375996795470 2.03175422687018 -0.73882998386398 -7.5946998631116 1.90543489676459 0.995662768837065 -0.111103536095470
"6" 0.877892063851153 0.16248653033754 2.02962008797547 0.208841420710087 -5.18501952756196 2.03735046838456 0.637159301433712 0.94027353450656
"7" 1.60545002513656 0.806427870362486 1.97937799499056 0.432195227593184 -9.33079875307158 1.99263445483739 -0.316797397099435 -0.559617066755891
"8" 0.0205943454256004 0.028772411627629 1.95900235517863 0.211904805153608 -8.75677614239976 2.01045821810275 -0.154713839292526 0.643283625133336
"9" 0.000794707848954407 0.0312020650390834 2.13430380601416 0.539463395252824 -9.3420377082657 2.00914954498037 -0.746229810174555 -0.980829897802323
"10" 0.180511049698916 0.645325487883075 2.07535714105872 -0.492389031220227 -6.19359500939026 2.16187492566654 -0.0244015734642744 -0.17680636793375
"11" 0.113375195105994 0.0217731834898552 2.95738723735038 -0.85098350699991 -9.02488908730447 2.97798970540319 -0.827701130881906 -0.0637605101801455
"12" 1.51542202273444 0.323957092342251 2.95473644425096 -0.280593445524573 -7.36897483933717 2.9971518327135 -0.276217957492918 -0.150251996237785
"13" 0.803317727997229 0.154353727634302 2.90754495766284 -0.639897922985256 -8.55936319450848 2.97546972118943 0.884752623736858 0.0734478905797005
"14" 0.884437495316473 0.360695093054374 3.04829827568807 0.417212899308652 -8.54374253074639 3.08357605514993 0.0831192671321332 0.141842906363308
"15" 0.373226468243913 0.403420291441048 3.01129004114839 -0.464069735258818 -9.94793444988318 3.03130188314035 0.530458032153547 -0.306800473947078
"16" 0.715618005508156 0.0844306216453249 2.98817003417212 -0.861026694998145 -6.04812027770095 2.97968246809111 -0.430315221194178 -0.343801454640925
"17" 0.889286633906758 0.879156805149286 2.94634470026304 0.456394443288445 -6.21949217515066 2.98153304435633 -0.803702792152762 -0.138048414606601
"18" 0.798839594889498 0.616805517560729 2.98236125137316 -0.421215841546655 -5.27023784350604 2.94399732562312 -0.140048386994749 0.225858672522008
"19" 2.89829138701154 0.599766445878493 3.02271647773211 0.947770197875798 -5.89131516986527 2.94425522517857 0.370527614839375 -0.955345439724624
"20" 0.120869465732113 0.117887901372600 3.00122629061787 0.452560883946717 -9.86639992916025 3.08498366187074 -0.308184344321489 -0.40604367852211
"21" 1.55896776395278 0.00459705628093049 2.97159407771766 0.627751810941845 -6.97508658864535 1.05370451992213 0.000623133033514023 -0.622771266847849
"22" 0.00573476194859812 0.273046688703774 2.94289091016355 0.351472077891231 -7.98031780403107 0.895019546192779 0.795310058631003 0.0336001510731876
"23" 1.5252807578573 0.0293284524448062 3.02473837544211 -0.602878823876381 -6.2568051670678 0.996445047358627 -0.210131011903286 0.761190809309483
"24" 0.626884308433193 0.555998989178407 2.97639445923087 -0.891070839483291 -5.71862340671942 1.01774349342186 -0.326244337018579 0.0507434564642608
"25" 0.00082732916097903 0.314917589696234 3.04722312206552 0.642987528350204 -8.92667119391263 0.979683878887003 -0.677802660968155 0.31204765336588
"26" 0.244472419759626 0.0187729134461777 2.92559610859156 0.404451952781528 -6.19312548311427 0.974034394580201 -0.762395673431456 -0.917617376893759
"27" 0.757561091386482 0.112087118736627 2.94852049121552 -0.351069199386984 -9.45281816762872 1.03591014709458 -0.125891936942935 -0.40682483650744
"28" 0.62356578048662 0.168178180115441 2.88439765923388 -0.093042228370905 -5.47558658290654 0.961098339904242 0.415309967473149 -0.224666202440858
"29" 1.02681367459147 0.186453790013186 3.01709498501996 0.235116117168218 -8.45591034041718 0.976010704660236 -0.896547168958932 -0.505133181810379
"30" 0.220151375234421 0.60152569442433 3.02620252268106 0.0243222857825458 -6.85925597208552 1.11229965466641 -0.777409247122705 0.320647866465151
"31" 0.150808294140734 0.66987037210222 -0.112668380411133 -0.274674651678652 -5.7045254681725 -0.000188539683746788 -0.908551177475601 -0.966463746968657
"32" 0.326959228660890 0.802860393865842 -0.0307214040093512 -0.891524022445083 -5.6161250860896 -0.162679126368068 -0.197346788831055 -0.210713464301080
"33" 0.723357326903314 0.679855879862144 -0.135218462818834 -0.807992572430521 -8.009730897611 0.0547863803123793 0.764707322232425 -0.512131481431425
"34" 0.678620092966439 0.453011454462381 0.0298325853397515 0.0559829412959516 -5.81770024495199 0.0121441464268960 0.777590306475759 0.426184965763241
"35" 0.335247790867062 0.160736716057997 0.0339889216960243 0.546390822622925 -5.08276020409539 -0.241588937405109 0.437095928005874 -0.87076287670061
"36" 1.27311270569326 0.106670608763034 -0.116192653660757 -0.339820913504809 -9.96899704332463 -0.085836657881634 -0.0326134157367051 -0.59429789101705
"37" 0.0438261801005742 0.515970113886077 0.099071084497806 0.564335416536778 -6.85556788695976 0.091849131354036 0.339084735140204 0.773853547405452
"38" 0.187763028674517 0.200274564212542 -0.123681208223611 -0.448549401015043 -6.20676043792628 -0.125710651337822 -0.655339589808136 0.134009973611683
"39" 0.0329312860775842 0.0693282079116716 0.0352577251431561 -0.275614925660193 -9.33168869814835 -0.0965855037521206 -0.65157706849277 -0.826237796805799
"40" 0.90729662877811 0.730539848127561 -0.0207112887875618 0.213206373620778 -5.26909542502835 -0.0068059429267716 -0.160935044754297 -0.888397279661149
"41" 2.01286285676134 0.171110095773801 0.0734420319729458 -0.890442272648215 -9.94933116715401 -0.237103309759861 0.258733949158341 -0.794599703978747
"42" 0.130184361477838 0.446753656566298 -0.10361343303539 0.761372554581612 -5.74943196377717 0.127663867666702 -0.862654957454652 0.846122692804784
"43" 1.23839614732346 0.781466449692162 -0.065758104016267 -0.36280764779076 -9.45558443432674 0.277264065369718 0.186755748931319 0.290738634299487
"44" 3.70462803655497 0.177148417300582 0.181045171318305 0.233442811761051 -9.74615288781933 -0.194412071153038 -0.459935092367232 0.614166214130819
"45" 0.174071440216908 0.103937883003193 0.091670387162378 -0.150615403894335 -5.95848591183312 0.100774192993824 0.453170155640692 0.956255751196295
"46" 0.727294081338922 0.350403500509972 -0.0173066908624099 -0.888467483688146 -9.757701496128 -0.0728377688792009 -0.081510431598872 0.724174574017525
"47" 1.4103253478197 0.145051363316266 -0.0130150696649156 0.330999582540244 -7.60845335782506 -0.0272696880640443 -0.229807189665735 0.177486389875412
"48" 0.830814891465427 0.558216291991151 0.103325439154845 0.909266721457243 -7.43242182419635 -0.0292889657689293 0.158742352854460 0.321228210348636
"49" 0.203097867258985 0.132271539426897 0.0121618630570925 0.0969385677017272 -9.50137055129744 -0.0253909312281104 -0.245214356575161 0.317735188640654
"50" 0.495486057928982 0.615194835894046 -0.152476220032756 -0.510473429691046 -8.85004345327616 0.167683417383601 0.851031926460564 0.731671558693051
"51" 1.12598183133548 0.639829379375293 -0.040191936954624 0.472986767999828 -5.2960243250709 -0.220666756997676 -0.706244964618236 0.947501525748521
"52" 2.26947747712686 0.67528977488477 0.0793964524754232 0.331838428974152 -5.33091602032073 -0.209066745254087 0.463382969144732 0.870042409282178
"53" 0.240706133375089 0.472825895384076 0.0893506620993762 -0.61048695165664 -8.54482880909927 -0.138195797267747 0.465314271859825 -0.113351310603321
"54" 1.10382600345694 0.19534395190425 0.0627412253288685 -0.93203534791246 -5.19675102434121 -0.154410845101815 -0.907721885945648 0.219353391323239
"55" 0.809178529969035 0.809446027588481 -0.0633982716469302 -0.65402802079916 -7.13514178292826 0.0181308160551793 0.91864535305649 -0.919995826203376
"56" 0.553696511162997 0.386487896107789 -0.0440011865543606 0.223941592965275 -6.89594046329148 -0.111698711677756 -0.411949208937585 0.434385616797954
"57" 0.377739558309284 0.272784030113684 -0.109132554101850 0.135700023267418 -9.56327079446055 -0.0429894373883841 0.104025614447892 -0.0322978640906513
"58" 2.54188925660783 0.371157558178637 -0.118723042202734 0.288657295983285 -8.06551578454673 0.101144090197067 0.0133876828476787 0.409323353786021
"59" 0.440765262559857 0.0507420918676793 0.0308954653049752 0.856996484100819 -5.23920123465359 0.00278033554314966 0.0172556522302330 0.319217077922076
"60" 1.97839733585468 0.311863205631246 -0.086781660232117 0.580828855279833 -6.12618760671467 -0.147847899428108 -0.220515317749232 -0.510725758504122
"61" 0.131252750635818 0.857867860789968 -0.166023163830246 -0.430556984618306 -5.01675509032793 0.051431521412864 0.302293860819191 -0.537046162877232
"62" 0.180069596118201 0.825412710123112 0.107910621694336 -0.330363665707409 -8.70742856524885 0.0978111698988644 0.335343170445412 0.628410691395402
"63" 1.3784378361212 0.00587956139508157 -0.0208322358422387 0.429517533164471 -5.229154182598 0.0217663258692071 -0.509578802622855 -0.528134624939412
"64" 2.21330821942906 0.0870975406139687 0.02716015680126 0.709686372429132 -5.90894530178048 -0.0798234188394072 0.813409224152565 0.837686941493303
"65" 0.212595462141714 0.346582341136332 -0.0136012893987653 0.259644201491028 -6.37743012281135 -0.275693775789532 0.786151516716927 -0.0283455643802881
"66" 1.02109852746109 0.333956152005626 0.0524144111880865 0.731534702237695 -8.2542434730567 0.193815875708013 0.779501709155738 0.761589820031077
"67" 1.56962339246983 0.179809759054145 0.182809755755649 0.350320816971362 -6.64901721174829 0.0196769492231977 -0.669845749624074 -0.716743052005768
"68" 0.522358578753871 0.68897174247318 -0.0633727188190368 -0.650785320438445 -5.91851272853091 -0.0394273740693517 0.563132210634649 0.0496152811683714
"69" 1.55000945694708 0.796288058646131 0.00762809219160564 -0.735250243917108 -6.82621351443231 0.177932972511506 0.732540835160762 -0.2186125125736
"70" 0.702339865813104 0.432950876366049 0.0918943867162482 -0.750534852035344 -7.51344362157397 0.124301767950198 0.285739961545914 -0.271392903756350
"71" 1.07965729589258 0.411684413711607 0.0216587315311541 0.0758112538605928 -7.10464878357016 -0.0994247769898967 -0.335798235144466 -0.191399221308529
"72" 0.0398857056571876 0.501441311346495 -0.0380452174303419 0.689865171909332 -7.60420763283037 -0.0563736865847334 -0.901731600984931 -0.338990562595427
"73" 1.04949189126701 0.0295205093797339 0.0411213517948522 0.373249900527298 -7.9658354318235 -0.0476217178669231 0.508521033450961 0.180347327142954
"74" 0.322499193797746 0.120200818800579 0.00611194699897593 -0.419500552583486 -9.74180492805317 -0.115655315739658 0.103390010073781 -0.210391356609762
"75" 0.212330376864853 0.857574744860523 0.263152105901692 0.554236425552517 -6.77809654851444 -0.036548346411653 -0.278751030098647 -0.655305511783808
"76" 0.119315159164747 0.171048546980596 0.0768469969400312 -0.97562320297584 -5.07781134103425 0.0132521628563987 0.100311983376741 -0.0861467686481774
"77" 2.30042880821693 0.131737249484264 -0.0280021973426311 -0.891726997680962 -8.97467941860668 0.100740894226438 0.239586876705289 -0.619869110640138
"78" 1.11610291705388 0.210849189518802 -0.0334079216049585 0.967810102272779 -7.98151992028579 -0.187216090661555 0.5886918483302 0.602767894044518
"79" 1.63753878600747 0.132689569312263 0.0655128433211269 0.140832506585866 -5.33877880894579 -0.0311990182490235 -0.458392763510346 -0.654575616121292
"80" 0.615083627722031 0.231747379985369 0.0420728694523774 -0.199481198564172 -9.31397684151307 0.136408286667332 0.273462176788598 -0.699183932971209
"81" 0.315347887527116 0.120137879084816 0.0215589451486953 0.926444304175675 -9.20814053970389 0.110765458440220 -0.396784231066704 -0.356709251645952
"82" 1.07518333014606 0.169613214477533 0.0230594536898258 -0.481383492704481 -6.96290085092187 0.059409465779295 0.216980034951121 -0.417917640414089
"83" 1.65393969718267 0.875367494485478 0.122794395050792 0.0377780226990581 -6.28812428680249 -0.0168916740793706 -0.963212819304317 -0.0305306739173830
"84" 1.28823468099656 0.942698163376834 0.0330046613982136 -0.934126000385731 -8.44736565602943 0.158178026193933 0.366903862450272 -0.407410079147667
"85" 1.16992602850796 0.359637269769313 0.222602122135534 -0.565851179417223 -5.22351088235155 0.130857426669147 0.135565028060228 0.0330364485271275
"86" 1.37583461875938 0.138307305309701 0.0368040850260807 0.160691742319614 -7.52924019354396 0.123025372016006 -0.609329175204039 -0.0994625720195472
"87" 0.275320086785917 0.202414049441289 -0.0793528034170168 -0.331571901217103 -7.78946795966476 -0.0694269254666138 -0.404034636449069 -0.509557019919157
"88" 1.17364484717378 0.214444377531836 0.00373365278125997 0.986156477127224 -8.3026805112604 -0.0319752348120722 -0.859240705613047 -0.646090964786708
"89" 0.113458699052263 0.191691521327129 0.0259530127410722 -0.0170972431078553 -9.4893492734991 0.0791931013885571 -0.746086411178112 -0.0391424316912889
"90" 0.177161861405903 0.282057923491777 -0.130374185261765 0.344830649439245 -6.9915693893563 0.323035237630089 -0.444507274311036 -0.599549668841064
"91" 0.172907848082746 0.170807946905903 0.0251824222020404 -0.471329502761364 -5.17284384928644 -0.0479047083520264 -0.588723792228848 -0.96131553966552
"92" 0.29763135734796 0.407827793984912 -0.160174367362205 -0.470027640461922 -6.92100600455888 0.100334355384471 -0.885697312653065 0.755107596050948
"93" 1.97237329444559 0.049087726090767 0.0595384352727361 0.208190150093287 -7.55735363811255 -0.150423412983972 0.170291317626834 -0.464851690921932
"94" 0.303835796513469 0.378944625004152 0.0900627503192564 -0.452780877240002 -5.24039569543675 0.0362960863778201 0.409760745242238 0.708766216877848
"95" 1.76952102511072 0.0703492843773674 -0.0649006043880203 0.202449440956116 -9.24011337920092 0.0168276332851495 -0.938916193787009 0.398462809156626
"96" 0.00910689916143592 0.524547928328287 -0.238904690243113 0.935842548962682 -5.19504248746671 -0.0403808988594333 0.445514095947146 0.108881232328713
"97" 0.931758626372001 0.0330096687243571 -0.089903856742742 0.701438180636615 -5.02627935260534 0.0115489788637576 0.88042652560398 0.297261245083064
"98" 1.40553584074397 0.0230645412677624 0.0138271733456215 -0.461159921251237 -6.82035981677473 -0.079839739979907 -0.210302801337093 -0.856940229423344
"99" 1.07440798448045 0.264799901609657 0.0592453691479899 -0.424993111751974 -9.9950725713279 -0.0328309487108006 -0.660945651587099 0.829505022615194
"100" 1.13216566778913 0.117493802071019 0.0101125064422904 0.724570551887155 -6.53381515759975 -0.114955740725423 0.705928210634738 -0.789000366348773
"101" 1.09097536562059 0.811595168665146 0.12336518856455 -0.155802478548139 -6.86159772682004 -0.00049526216599847 0.403064930811524 0.676946985069662
"102" 0.241056311278149 0.471782577496023 -0.0162687894208694 0.900860674213618 -5.53658908815123 0.0597266989546408 -0.475749669596553 -0.296097564976662
"103" 0.749868069905478 0.571081958192669 0.102119604173765 0.320958114229143 -7.49902741634287 -0.0417022030762074 0.78921629814431 0.0500153144821525
"104" 0.241725832301342 0.0222242834683633 0.150262268420142 0.864536820910871 -6.52121205581352 -0.0820171996568395 0.50307127321139 -0.560303777456284
"105" 1.26269555427853 0.118228807934251 -0.111248640483201 0.340020292438567 -7.97750790487044 -0.0738970667454345 -0.839846801944077 0.95048286439851
"106" 1.75731389230039 0.796058621754077 0.143880863805638 0.722324749920517 -9.86537037068047 -0.0904978449507112 -0.130872169975191 0.684114526025951
"107" 0.592561840013637 0.427236527714126 0.313729918025470 -0.771492427680641 -9.2782362678554 0.0444425244816147 -0.842352728359401 -0.558151428587735
"108" 0.714931687658057 0.195381774923511 0.0216461728977255 -0.525758957024664 -7.70916549023241 -0.00949804523853452 -0.482049711048603 -0.0314100882969797
"109" 0.737393532881941 0.939562183363413 0.181196821686754 -0.6118004466407 -8.85265237069689 -0.0219578451323257 0.878182049840689 0.816590887494385
"110" 0.124758983025091 0.0919569937937104 -0.180010750129584 -0.674876208882779 -5.98895151750185 0.00997716121476937 0.495336695108563 -0.191604682244360
"111" 0.779508579634511 0.436349156856692 -0.00624203194410155 0.599965123925358 -7.6654786709696 0.174301890783548 -0.51928890356794 -0.177977616433054
"112" 2.03802674993932 0.192979746262678 0.048844373835812 -0.808327519800514 -9.10631990642287 -0.00482547867465117 -0.560294762719423 0.802624944131821
"113" 0.784175120185178 0.524745770518901 0.143379116324584 0.591961854603142 -5.03847118117847 -0.0061577409345119 0.138779487926513 0.884367272723466
"114" 0.914208808112494 0.632962580145052 -0.0136442524414157 0.78109462885186 -8.88375878916122 0.0434772352653446 -0.32304418226704 -0.955390430055559
"115" 5.56494526533511 0.414267273774686 0.198953200132807 -0.33053063461557 -5.24330103071406 -0.199148202744351 -0.565502533689141 -0.420452622696757
"116" 0.157765864264913 0.804158984546297 -0.0564690717399326 0.520769183989614 -6.21626035775989 0.00136700618895810 0.92776175076142 -0.550302780233324
"117" 0.124781445992686 0.146062953697658 0.0722305459079317 0.645844627637416 -5.93403692473657 -0.0590369235841074 0.119473933242261 0.897340759634972
"118" 0.0702808376585784 0.323988974021936 0.257774396107251 0.351361267268658 -7.77831789571792 -0.058467516518942 -0.489810766652226 0.823231535032392
"119" 0.489990838643927 0.907878753960326 0.0744995534972068 0.498117020819336 -5.07154736085795 -0.031182819577395 -0.0508246133103967 0.72351537598297
"120" 0.298125719895938 0.139360591877457 -0.0552458577243958 0.98095761006698 -6.28220987622626 -0.0362723299520346 0.934691621456295 -0.132169248536229
"121" 0.213747815184598 0.0792257743294203 -0.0259563350945874 -0.870853947475553 -8.87996573583223 -0.160707789936772 0.346588379237801 -0.869213066995144
"122" 0.878387097345506 0.0984711204983795 0.00143046834968807 0.732573325745761 -8.72784847160801 -0.0171325082091537 -0.595817957539111 0.962472793180496
"123" 0.0176697971408447 0.632949266875172 -0.132215511300960 -0.518751600757241 -8.96728322491981 0.102092146020435 0.344495196826756 -0.81295082718134
"124" 2.70175590633669 0.304170551844742 0.0161177252463859 -0.261139976792037 -5.41910267435014 0.182998019678079 0.456473447848111 -0.235074888449162
"125" 0.789797350741573 0.074785903807929 0.100989760439331 0.83803791506216 -8.61698247375898 0.0421841432112357 0.789670267142355 0.0154341575689614
"126" 0.411622771754202 0.0785000900936116 0.0217710299195643 0.443434377666563 -8.8157094095368 -0.0837060100709733 0.158952066674829 -0.840673327911645
"127" 1.43710166540198 0.110124499124409 0.03413363244339 -0.0689485571347177 -8.52751070051454 0.00966309786201585 -0.196794154122472 0.784258253872395
"128" 0.423530035995708 0.511256084378059 -0.0832701562735038 0.542853551451117 -9.00699249119498 -0.026751009824847 -0.376598064322025 -0.129832023289055
"129" 1.93205092922927 0.252438578190800 -0.161334639274678 0.65752611681819 -5.1989855861757 0.0626336018705699 0.0991127267479897 0.194155003875494
"130" 0.777474744983725 0.636004269196123 -0.00615833282970248 -0.137181878089905 -9.9684681580402 0.108678266802357 0.717859045602381 0.992003550287336
"131" 2.51489410023183 0.490707073064706 1.08038850064476 -0.584041642025113 -7.68199735903181 1.03063587765059 0.0241440907120705 0.63248966820538
"132" 2.28388803478987 0.180719679759719 1.06233547258258 0.903417665977031 -9.68873591627926 1.06946141865583 -0.0129177859053016 0.222202559467405
"133" 1.54694364065574 0.53409540342679 0.944416259031229 -0.778597243130207 -6.94710898795165 1.05877837642506 0.285698350518942 0.150534763466567
"134" 0.642546278938834 0.351035645817232 0.932621250011148 0.503918448928744 -5.15289111644961 0.985767433811177 0.783130327239633 -0.871392488945276
"135" 1.87618885566564 0.374684987736254 0.944429955473274 -0.945557750295848 -5.36146778031252 0.90077754752407 -0.800808441825211 -0.574861536733806
"136" 2.90202672512551 0.320456136786797 1.19712153948765 -0.238214108161628 -6.40030945418403 0.843242749271956 0.666913805995136 -0.0414641657844186
"137" 0.791911160593042 0.173784064249070 1.10327283698221 0.901499805040658 -7.76437822030857 1.11198773379557 0.777240915223956 -0.280251299962401
"138" 2.12980146552613 0.267771049702319 0.979569792754051 0.929092653561383 -6.26877538510598 1.16112975069767 -0.0971621554344893 0.142125783022493
"139" 0.529498257153447 0.514115460317287 0.928701925067852 0.260630956385285 -7.69111018511467 1.01055671392752 0.0668789660558105 -0.881684378255159
"140" 0.460424875441454 0.439030622431072 1.2175421661729 0.326691011432558 -9.36838764348067 1.15056409316560 -0.0986375836655498 -0.0827290662564337
"141" 0.620738535293754 0.285491374788601 1.03372325921628 0.0516831749118865 -6.02578071528114 0.972588803191536 0.93951627612114 -0.369828880764544
"142" 0.379309584050545 0.404522479553291 0.993818119564398 0.60580890532583 -7.03452463378198 0.950967675175269 0.783197440207005 0.614955825265497
"143" 0.993716412239095 0.350589627126587 1.02108824177356 0.0557698123157024 -6.65827865013853 1.01973848382939 -0.474746932275593 0.697292902506888
"144" 2.16119254284714 0.152981032158302 0.996630291816158 -0.186541812960058 -8.76979308901355 0.853527377502551 0.065352639183402 -0.464207667857409
"145" 0.460096978991710 0.355718927867648 0.992143537215906 0.215990436729044 -7.74261597893201 0.93801860734093 0.699603246990591 0.484842780977488
"146" 0.315826822363176 0.00280095764069351 1.0345171901526 -0.81991048855707 -9.51488774036989 0.97773815248993 -0.932933448348194 0.415748562663794
"147" 2.51076954086243 0.0749525360541663 0.973395069363536 0.66347312554717 -6.77183068473823 1.02330273158483 -0.43712954968214 -0.588161339052022
"148" 0.62948749012012 0.88040255893582 0.886402996734747 -0.413639471866190 -9.54948049155064 0.940300573993315 -0.268744248896837 -0.614022185560316
"149" 2.57699186229592 0.570976845366964 1.19831612707185 0.901813818141818 -6.89895350020379 0.98867453680686 -0.0872898893430829 0.311441147699952
"150" 4.26651108530217 0.687841060639099 1.02972831604400 -0.308357401750982 -5.97788202925585 0.945498522434244 0.279399546328932 0.334194356575608
"151" 6.39627819129055 0.555548675474959 1.04860860073509 0.757605416700244 -7.91271832538769 1.04293772203573 0.827918644063175 0.349729838315398
"152" 0.92565360158818 0.372302731483164 1.10873577575815 0.101010270882398 -6.64707900723442 1.13538053357691 0.0772252953611314 0.136576374992728
"153" 0.972431192501906 0.100172459160801 1.0170150819185 -0.65912266401574 -6.1878171004355 0.992584308043186 0.88686729921028 0.872810596134514
"154" 0.280337625369606 0.662779808999226 0.955774792650611 0.629250100813806 -7.82671259366907 1.04681597372314 -0.90898705413565 0.678381502162665
"155" 0.0313462055606101 0.05088305827712 1.02103959129983 0.31804982945323 -6.71379907056689 0.914446291337381 0.496642966289073 0.770223515573889
"156" 1.89554315797891 0.79837892119249 0.912465439276085 0.0406097150407732 -7.80575476586819 0.956130003609264 -0.353037961758673 0.184445022605360
"157" 0.107605133701219 0.275784288515316 0.99509091760236 0.332497585564852 -5.69743397063576 1.15326582757405 -0.112752275541425 0.743225496727973
"158" 0.724798366651592 0.120104149792905 1.11939363769446 -0.529667760711163 -6.49876560433768 0.91173668341667 -0.601155465468764 -0.578791961073875
"159" 0.684349390209681 0.0446321864111468 1.07366253202228 0.429273558780551 -7.31696641771123 0.934178681409715 0.175122142303735 0.114053213503212
"160" 2.76110306823110 0.528125404206924 0.977245843245657 -0.643860435113311 -9.36067067552358 1.05614611063093 0.429026885423809 0.728466283529997
"161" 1.07773110753436 0.0378302432045469 0.98279717427164 -0.521041838917881 -9.3783268367406 1.13920864973261 -0.529840476810932 -0.394350905437022
"162" 0.0623853200678111 0.286145670449052 1.05589940962027 -0.69048672541976 -8.65120974718593 0.87387884698286 -0.517748160287738 -0.81089015956968
"163" 1.88180971111745 0.265850402514455 1.12506306806994 0.394996833056211 -7.15674388804473 1.13072985464370 0.925658490043133 -0.968725204467773
"164" 1.27182934726715 0.354389792229059 1.19328942109322 -0.794180251192302 -6.40139297698624 0.806101998128459 0.0439090845175087 0.244330395478755
"165" 0.582729039078291 0.0260008945520282 1.00536326074764 -0.91334688756615 -6.57646437641233 0.927299414779596 -0.363079759292305 0.518825780134648
"166" 0.0508840172756331 0.0483044964295356 1.14051684027805 -0.39406543970108 -8.29739368986338 1.06355598055453 -0.330832535400987 0.406463223975152
"167" 1.77517250645668 0.347553456741607 0.892050300634899 -0.396084679756314 -5.95568677759729 1.00981463160987 0.600517673417926 -0.485508096404374
"168" 0.257220043838220 0.626256921631713 1.14350775849754 0.977740001864731 -9.6215142577421 1.08110843187759 0.271383988671005 -0.770971173420548
"169" 2.38771946825044 0.737040365829537 0.991265096522417 -0.831680336035788 -5.82283015944995 0.946715987066569 -0.533390243537724 -0.879662698600441
"170" 0.741168510702673 0.256225970515710 1.06015299889866 0.160383874550462 -9.74407690344378 1.02939743222414 -0.965294051449746 0.237611257005483
"171" 0.307023595842164 0.118086025764067 1.01521982513448 -0.187274462543428 -9.70440817531198 1.01507118351013 0.0734531409107149 -0.862828054931015
"172" 3.08026656035594 0.0253843460220760 0.797497813849356 -0.479161391966045 -7.98450952977873 1.05731499389417 -0.0258381776511669 -0.206887328531593
"173" 0.386257418125309 0.246231086245289 0.943025456224873 -0.60235123662278 -5.10975812212564 1.02516960653299 0.976607624907047 0.472491808235645
"174" 0.432006628488456 0.286835620276986 1.14417763410818 -0.920698325149715 -5.89567638467997 1.14638879175089 -0.267661802470684 0.266907826066017
"175" 0.449410991958701 0.143995968180181 1.11488058244774 -0.408636981621385 -5.40384641499259 1.02441029662489 -0.188533972948790 -0.421956747770309
"176" 0.578070488326492 0.696410745127729 1.01534727769680 0.38033804576844 -7.51086563221179 1.04469646029771 0.42823412688449 0.133142080623657
"177" 5.82215888298881 0.317061413564518 0.953909061197076 -0.688065465539694 -5.20776302320883 1.09832683357713 -0.314937338698655 0.98548476351425
"178" 0.140075500742309 0.180892945125526 0.921769455940968 0.763938941061497 -5.76530467369594 1.04113867411558 0.406679554376751 -0.247775339055806
"179" 0.161818394703475 0.663766964505805 0.997671218304784 0.270067081786692 -5.73003412690014 0.963397701590802 -0.945421453099698 -0.507861278019845
"180" 0.485384200953612 0.0560102706683817 1.00034544734926 -0.506974203512073 -9.30927962763235 0.989653834143622 0.570810626260936 0.449740319047123
"181" 1.14070422044346 0.758625127967158 1.03248157858906 0.918936619069427 -5.07554346579127 0.94318067430077 -0.62051539728418 -0.377676580101252
"182" 1.10002369761278 0.547042629584031 0.97888674186951 -0.97454988816753 -8.15721874707378 0.951779635578868 -0.853151185438037 0.622875205706805
"183" 3.33731561289006 0.0321191694040092 0.995678583402915 -0.201977494172752 -9.13504800060764 0.900650603946754 -0.734689717181027 -0.904287621378899
"184" 0.149257292084874 0.249497034267115 0.943812318726005 -0.587592844385654 -9.6083300455939 1.04795999273461 0.445057038217783 0.965572029352188
"185" 1.24634658410417 0.750000813430611 1.07531313583719 0.132725587580353 -9.19444288359955 0.789061822066145 -0.183357222937047 -0.33461845619604
"186" 0.70263619351903 0.217306097546347 1.03569475345802 -0.514131927862763 -5.83976377383806 0.94521765191064 0.463349793571979 -0.255501424893737
"187" 0.185147652705367 0.51753283865149 1.04291590456923 -0.456724133342505 -5.15190657461062 0.938527499350016 0.336558477953076 0.656299149617553
"188" 0.115892039032535 0.465448820722995 1.12591748484868 0.106676765251905 -7.85878165392205 1.19949442785564 -0.416006317362189 -0.202197147533298
"189" 1.05071553765193 0.273810196752425 0.932146057439792 0.724176694639027 -6.03515321388841 0.988102234422065 -0.664605802390724 -0.256702820770442
"190" 0.908946432145174 0.516237128962158 1.16179551137381 -0.772539394441992 -9.83148613478988 0.852910377459947 -0.953469823114574 0.27860213117674
"191" 0.219727078978417 0.0876815037901505 1.08612306198310 -0.170409535989165 -7.3959947086405 0.9499280784942 0.624528544023633 -0.849412202835083
"192" 0.0732069721880392 0.090947000641964 1.04316367289329 0.700864104088396 -6.65507955360226 1.22485933146186 0.574027535971254 -0.669193101581186
"193" 1.16692747564190 0.161609542624682 0.96520714877131 0.927043141331524 -9.95083412155509 1.05423413090182 0.525812345556915 0.643728130497038
"194" 0.136529898583007 0.327945301776857 1.03926687678047 0.0493877157568932 -7.64861237374134 0.964005470314384 0.927425577770919 0.03635721700266
"195" 0.653958260335616 0.0227616200603221 1.17232533364584 -0.217335868626833 -9.03848184272647 0.804249100802109 0.190232018008828 0.977247792296112
"196" 5.08507126409567 0.364605207306877 1.03639322775867 -0.117428589146584 -7.30914342217147 0.822166125440888 -0.58357322961092 0.861784257460386
"197" 0.894081163808355 0.0681533286996456 1.23660054658129 -0.373267279937863 -7.19010648783296 1.12072429850402 -0.945940531324595 0.194540094118565
"198" 0.407114564926367 0.373318650500023 1.08899402947107 -0.765500833280385 -6.67941666673869 1.04053157353111 0.329895109403878 -0.164858343079686
"199" 2.06071078024136 0.843389337874972 0.940910933078185 -0.0370285753160715 -7.92159761418588 1.05354682476210 0.868925902061164 0.0714379735291004
"200" 0.0490561128561401 0.414440345734869 0.954648736131122 -0.206540198065341 -7.29691743035801 0.903562855262568 -0.632426197640598 0.787682653404772
"201" 0.532607248394234 0.0903811641874652 0.874795011654082 -0.919347671791911 -6.31115654483438 0.989329915489902 -0.505290711764246 -0.349915899336338
"202" 1.9427883909693 0.67848036557279 0.90475427607532 -0.694621209520847 -7.99061987432651 0.93429877315429 -0.482031276449561 0.450432871468365
"203" 3.14397490626735 0.51286234271028 0.93395513644619 0.61723162792623 -9.30226754164323 0.912866737702269 -0.121061602141708 -0.0684068906120956
"204" 2.19618880050518 0.0766974373335679 1.11950342739598 0.906174338888377 -5.40564724360593 0.984098710732234 -0.694728462025523 -0.900383129250258
"205" 0.382091251747141 0.333324068600738 0.863602446339623 0.408714634831995 -9.84002391458489 0.996127413854141 -0.292541831266135 -0.43480262439698
"206" 0.404155234532536 0.277598152108655 0.995638116371993 0.828072658274323 -9.91258556605317 1.03576499494875 -0.053760954644531 -0.0290017398074269
"207" 2.67001088963894 0.72390463479605 0.845564943283463 0.973624068312347 -5.85521060158499 0.941411021670347 -0.707649095449597 0.842790799681097
"208" 0.588865084687259 0.0777970433242607 1.01064128799248 -0.919370318297297 -7.73513762862422 1.24369025473739 0.853038379456848 -0.445201957132667
"209" 0.0534642288024244 0.767328688098148 0.904941204509441 0.802831382490695 -6.25828822143376 1.20771574466707 -0.765528121031821 0.268408856820315
"210" 0.299649608818187 0.436525354285516 1.06164039710863 -0.263757249340415 -6.14119470235892 0.85853659195587 -0.273807764519006 0.682983790989965
"211" 0.465363476678234 0.253206475110743 0.939706601381032 0.267934418749064 -8.86052946560085 0.838230701369954 0.572464403696358 -0.824557308107615
"212" 2.34272200391222 0.299519753810713 1.05083280576163 0.0925857555121183 -9.4663316803053 0.9484041772708 0.70860620867461 -0.470080438535661
"213" 0.0572596267823336 0.410534494919119 1.10409786166771 0.0516376621089876 -7.61058278148994 1.01904063118575 0.332521892618388 0.0194654888473451
"214" 0.535354956424954 0.71341207252738 0.982035384374008 -0.318319336045533 -8.02060642745346 1.06958403256289 0.329374919179827 -0.520488871261477
"215" 0.912570142842473 0.0196996744758978 0.98244642723886 0.354402526747435 -9.74666126654483 0.859471831925008 0.369886848144233 0.937018823809922
"216" 1.66156223988266 0.178127275502355 1.02697609910523 0.386971823871136 -5.03510594950058 0.977588605268366 -0.131716415286064 -0.524611731059849
"217" 0.330518563624382 0.596456654906649 0.971562372601984 -0.800951163750142 -6.99440680793487 0.988163799391356 0.294681347906590 0.441911451984197
"218" 0.52420668599133 0.192372444993725 1.0142995658848 0.952889091800898 -7.15588131803088 1.01913929381278 -0.410464514046907 -0.998095129616559
"219" 1.21838779372435 0.500884912670038 1.01885471673664 -0.59045542543754 -8.07798984227702 1.07727793278493 0.409606695640832 0.815815933048725
"220" 0.309276664194031 0.422794872282506 0.950269382086729 0.640621780883521 -6.36622994905338 0.967551636289799 -0.811120936181396 -0.438937682192773
"221" 0.254039566362018 0.302247620221529 1.15206407781618 -0.688647023402154 -9.1853066533804 0.878775879435975 0.264411312062293 0.87054529460147
"222" 0.131722979035710 0.325763431548458 0.954471990162913 0.853712281677872 -7.07156683085486 0.925023593162106 0.78916289517656 -0.827165490482002
"223" 0.251409403579129 0.703964855288641 0.975790297037616 0.324899428058416 -5.94937437912449 1.19327298138213 0.525828179437667 0.37630242202431
"224" 1.24740573642878 0.442971111901532 0.90585212411656 0.706226575654 -5.52834422443993 1.03869275519910 0.914415443781763 0.99362463830039
"225" 0.412901365563967 0.701215364917936 0.977748629591935 -0.799336764030159 -6.34882453130558 1.02409115027519 -0.200906606856734 -0.496729425154626
"226" 0.0228476643626404 0.692831525222505 0.920707517228117 0.770277749747038 -6.8054442841094 0.97359510644684 0.953552299179137 0.0132274972274899
"227" 0.518802506455025 0.0459431991988137 0.990627366315518 -0.93341471394524 -7.63147833175026 1.02837526292832 -0.415461412165314 0.301902201958001
"228" 6.25159263899501 0.42475268848368 1.06491965861816 0.681485219858587 -6.3995711307507 0.923029770668431 0.138435027562082 -0.235504417680204
"229" 1.06837879422397 0.149378386006113 0.771280604346627 -0.831910314504057 -9.21169276 0.87673007383784 0.231176688801497 0.873687093611807
"230" 0.116860854282565 0.274064350948252 0.861733311994524 -0.653074472211301 -7.7901835553348 1.01880841427414 0.452727505937219 0.892320652492344
