"x" "y" "z"
0.550001286139248 -0.642856666666667 0.842831
-0.150000032455363 -0.438775555555556 0.370052
-0.350000818452249 0.173468888888889 0.729016
-0.899998921492635 -0.591836666666667 0.418822
-0.400000935373999 -0.591836666666667 0.316887
-0.650001519982748 -0.0816326666666667 0.0755701
-0.150000032455363 -0.795918888888889 0.358669
-0.0999999155336135 0.632653333333333 0.44589
-0.799998687649136 0.428571111111111 0.457091
0.200000149377113 -0.744897777777778 0.455873
0.849998804570886 0.683673333333333 0.431113
-0.150000032455363 0.836734444444444 0.431499
-0.450001052295749 0.27551 0.771833
-0.849998804570886 -0.795918888888889 0.455715
0.500001169217498 -0.744897777777778 0.550084
-0.550001286139248 -1 0.234257
0.699998453805636 0.734693333333333 0.377969
-0.949999038414385 -0.336734444444444 0.0901736
0.600001403060998 -0.897958888888889 0.452144
-0.300000064910727 0.683673333333333 0.496157
-0.600001403060998 0.0714285555555556 0.0727266
8.83488187696282e-17 -0.438775555555556 0.439817
0.550001286139248 -0.795918888888889 0.517606
0.749998570727386 0.479592222222222 0.299606
-0.0999999155336135 0.326531111111111 0.633458
0.949999038414385 0.683673333333333 0.489087
-0.799998687649136 -0.0306122222222222 -0.197017
0.0500001169217498 -0.285714444444444 0.586497
-0.949999038414385 0.27551 -0.191488
0.699998453805636 0.0714285555555556 0.0286321
0.500001169217498 -1 0.437942
8.83488187696282e-17 0.479592222222222 0.43173
-0.400000935373999 0.27551 0.865748
-0.699998453805636 -1 0.266827
0.550001286139248 -0.591836666666667 0.841832
-0.899998921492635 0.683673333333333 0.595667
0.249999947988977 -0.540816666666667 0.547582
0.400000935373999 -0.132653333333333 0.328217
-0.600001403060998 0.683673333333333 0.813366
0.200000149377113 -0.642856666666667 0.477098
-0.450001052295749 -0.846938888888889 0.330156
-0.550001286139248 -0.132653333333333 0.160343
0.500001169217498 -0.795918888888889 0.494616
-0.999999155336135 -0.234693333333333 -0.257046
-0.500001169217498 0.989795555555556 0.439569
-0.500001169217498 -0.744897777777778 0.332928
-0.249999947988977 -0.846938888888889 0.326117
0.0500001169217498 -0.489795555555556 0.453469
-0.999999155336135 0.734693333333333 0.536987
0.650001519982748 -0.438775555555556 0.690694
0.949999038414385 0.581632222222222 0.441413
0.550001286139248 -0.438775555555556 0.803044
-0.600001403060998 0.734693333333333 0.77041
0.699998453805636 -0.0306122222222222 -0.0175103
-0.550001286139248 0.377551111111111 0.760303
0.249999947988977 0.581632222222222 0.339557
-0.0999999155336135 -0.0816326666666667 0.73007
-0.650001519982748 -0.744897777777778 0.36337
-0.500001169217498 0.326531111111111 0.772518
-0.550001286139248 0.887755555555556 0.458221
0.650001519982748 -0.132653333333333 0.0180518
-0.799998687649136 -0.336734444444444 0.192612
0.0999999155336135 0.0204081111111111 0.982897
0.500001169217498 0.326531111111111 0.245132
-0.550001286139248 0.530612222222222 0.833709
-0.550001286139248 0.938775555555556 0.444678
-0.249999947988977 -0.285714444444444 0.32906
0.899998921492635 0.326531111111111 0.132955
0.999999155336135 -0.234693333333333 -0.257046
-0.949999038414385 0.683673333333333 0.558075
-0.0500001169217498 0.479592222222222 0.455972
0.600001403060998 0.479592222222222 0.28571
0.949999038414385 -0.540816666666667 0.48053
-0.999999155336135 0.632653333333333 0.501551
0.849998804570886 0.173468888888889 -0.157537
0.249999947988977 -0.285714444444444 0.968618
0.249999947988977 0.0204081111111111 0.401786
0.500001169217498 0.530612222222222 0.301063
8.83488187696282e-17 0.27551 0.514468
0.350000818452249 0.938775555555556 0.23364
-0.0500001169217498 -0.795918888888889 0.383725
-0.0999999155336135 -0.540816666666667 0.38417
-0.150000032455363 -0.744897777777778 0.360566
0.899998921492635 0.938775555555556 0.461446
-0.400000935373999 0.734693333333333 0.502886
-0.300000064910727 -0.693877777777778 0.332692
-0.849998804570886 0.122448888888889 -0.287675
-0.0500001169217498 0.683673333333333 0.422645
0.650001519982748 0.122448888888889 0.0954847
0.150000032455363 -0.183673333333333 0.989805
-0.200000149377113 -0.387755555555556 0.35102
8.83488187696282e-17 -1 0.298054
0.450001052295749 0.581632222222222 0.312332
0.999999155336135 -0.795918888888889 0.547373
-0.0999999155336135 0.22449 0.995989
0.450001052295749 0.0714285555555556 0.207094
-0.500001169217498 0.938775555555556 0.44865
-0.699998453805636 0.836734444444444 0.616402
0.0999999155336135 0.326531111111111 0.406401
-0.150000032455363 -0.897958888888889 0.291232
0.0999999155336135 -0.540816666666667 0.464286
-0.500001169217498 0.581632222222222 0.87047
8.83488187696282e-17 -0.94898 0.304297
-0.899998921492635 0.581632222222222 0.549356
0.0500001169217498 0.0204081111111111 0.997341
-0.600001403060998 -0.489795555555556 0.28942
0.650001519982748 -0.744897777777778 0.773588
0.899998921492635 0.632653333333333 0.438817
0.0500001169217498 -0.132653333333333 0.999281
0.500001169217498 -0.94898 0.446674
0.400000935373999 0.581632222222222 0.315707
-0.699998453805636 0.734693333333333 0.750949
0.400000935373999 -0.438775555555556 0.91578
-0.249999947988977 0.0714285555555556 0.684471
-0.849998804570886 0.836734444444444 0.649242
-0.849998804570886 -0.94898 0.423774
-0.650001519982748 0.0714285555555556 0.025105
0.249999947988977 -0.846938888888889 0.449936
-0.999999155336135 0.785714444444444 0.546139
0.150000032455363 0.22449 0.396659
-0.150000032455363 0.326531111111111 0.913424
0.200000149377113 0.683673333333333 0.350422
-0.249999947988977 0.734693333333333 0.469548
-0.849998804570886 -0.744897777777778 0.447086
-0.0500001169217498 0.938775555555556 0.331362
0.650001519982748 0.428571111111111 0.264197
0.949999038414385 -0.387755555555556 0.193019
-0.150000032455363 0.22449 0.990813
0.0999999155336135 -0.285714444444444 0.851837
-0.799998687649136 0.122448888888889 -0.199875
-0.500001169217498 -0.693877777777778 0.328413
0.999999155336135 0.122448888888889 -0.393345
-0.350000818452249 -0.132653333333333 0.273014
0.999999155336135 0.581632222222222 0.473597
-0.899998921492635 -0.897958888888889 0.489902
-0.150000032455363 0.938775555555556 0.38681
-0.849998804570886 -0.234693333333333 -0.0125348
-0.350000818452249 -1 0.229301
-0.0999999155336135 0.122448888888889 0.995718
-0.650001519982748 0.836734444444444 0.544907
-0.550001286139248 -0.540816666666667 0.303604
0.949999038414385 0.887755555555556 0.519918
-0.0999999155336135 -0.489795555555556 0.387361
-0.899998921492635 -0.132653333333333 -0.332297
0.650001519982748 0.27551 0.181315
0.949999038414385 -0.846938888888889 0.583708
-0.749998570727386 0.785714444444444 0.716883
0.799998687649136 0.479592222222222 0.309917
-0.949999038414385 0.938775555555556 0.495421
-0.749998570727386 -0.897958888888889 0.412655
0.899998921492635 -0.285714444444444 -0.156256
0.350000818452249 -0.897958888888889 0.454547
0.600001403060998 -0.846938888888889 0.484399
-0.799998687649136 -0.94898 0.39953
0.350000818452249 0.683673333333333 0.327429
0.799998687649136 0.632653333333333 0.389701
-0.500001169217498 -0.285714444444444 0.232495
-0.300000064910727 -0.540816666666667 0.327181
0.150000032455363 -0.438775555555556 0.5412
-0.949999038414385 0.836734444444444 0.58354
-0.600001403060998 0.326531111111111 0.398209
8.83488187696282e-17 -0.591836666666667 0.41626
-0.699998453805636 0.377551111111111 0.385467
0.650001519982748 -0.591836666666667 0.770644
-0.400000935373999 -0.94898 0.229409
-0.699998453805636 0.479592222222222 0.668527
0.799998687649136 -0.693877777777778 0.675569
0.200000149377113 0.530612222222222 0.351582
0.0500001169217498 0.326531111111111 0.439544
0.150000032455363 -0.642856666666667 0.460657
-0.600001403060998 -0.897958888888889 0.351951
-0.650001519982748 0.887755555555556 0.460146
-0.400000935373999 -0.642856666666667 0.321886
0.350000818452249 -0.846938888888889 0.463512
0.550001286139248 0.0204081111111111 0.129829
0.699998453805636 -0.285714444444444 0.0475506
-0.150000032455363 -0.183673333333333 0.412022
-0.450001052295749 -0.0816326666666667 0.208375
-0.0999999155336135 -0.387755555555556 0.396618
0.249999947988977 0.22449 0.329557
0.550001286139248 -0.897958888888889 0.455113
-0.699998453805636 -0.744897777777778 0.37967
8.83488187696282e-17 0.173468888888889 0.879802
0.550001286139248 -0.132653333333333 0.119627
-0.899998921492635 0.989795555555556 0.377279
0.749998570727386 -1 0.393148
0.400000935373999 -0.744897777777778 0.498429
-0.799998687649136 -0.897958888888889 0.436404
0.249999947988977 -0.438775555555556 0.862549
0.450001052295749 -0.234693333333333 0.516826
-0.249999947988977 -0.897958888888889 0.274221
-0.650001519982748 0.632653333333333 0.778354
-0.999999155336135 0.173468888888889 -0.336896
-0.200000149377113 0.785714444444444 0.449344
-0.150000032455363 -0.0816326666666667 0.502813
-0.699998453805636 -0.591836666666667 0.340661
0.849998804570886 0.22449 -0.0378318
-0.249999947988977 0.173468888888889 0.951702
0.749998570727386 -0.387755555555556 0.324715
0.0500001169217498 0.530612222222222 0.403768
0.749998570727386 0.27551 0.149177
0.300000064910727 -0.94898 0.440017
-0.0999999155336135 0.0204081111111111 0.990403
0.249999947988977 0.0714285555555556 0.363607
-0.799998687649136 -0.285714444444444 0.13944
-0.799998687649136 -0.591836666666667 0.372818
-0.949999038414385 -0.693877777777778 0.492487
0.849998804570886 -0.897958888888889 0.57146
0.699998453805636 0.938775555555556 0.361431
0.300000064910727 -1 0.409805
0.450001052295749 0.734693333333333 0.32816
0.849998804570886 -0.234693333333333 -0.182642
-0.600001403060998 0.887755555555556 0.456493
-0.200000149377113 0.122448888888889 0.967568
0.150000032455363 0.27551 0.38459
0.0999999155336135 -0.897958888888889 0.397246
0.550001286139248 -1 0.432802
-0.849998804570886 0.428571111111111 0.401958
0.0500001169217498 0.887755555555556 0.337409
-0.600001403060998 -0.94898 0.292091
0.849998804570886 0.581632222222222 0.38882
0.200000149377113 -0.0816326666666667 0.954509
-0.249999947988977 -0.183673333333333 0.332407
-0.999999155336135 0.530612222222222 0.43694
0.350000818452249 0.428571111111111 0.304724
-0.200000149377113 -0.234693333333333 0.358782
-0.500001169217498 0.479592222222222 0.859359
-0.0500001169217498 -0.0306122222222222 0.996784
0.999999155336135 -0.336734444444444 0.000162028
-0.150000032455363 0.989795555555556 0.342047
-0.300000064910727 0.989795555555556 0.418288
-0.249999947988977 -0.0306122222222222 0.392081
0.150000032455363 -0.591836666666667 0.472183
0.150000032455363 -1 0.338034
0.249999947988977 -0.387755555555556 0.968814
-0.150000032455363 0.122448888888889 0.986481
0.799998687649136 -0.642856666666667 0.662304
0.600001403060998 -0.285714444444444 0.214585
-0.799998687649136 -0.387755555555556 0.239381
0.699998453805636 -0.795918888888889 0.719765
0.849998804570886 -0.693877777777778 0.637039
0.600001403060998 -0.0816326666666667 0.0715562
-0.949999038414385 0.887755555555556 0.576625
-0.300000064910727 -0.183673333333333 0.30253
-0.400000935373999 -0.897958888888889 0.286997
-0.249999947988977 -0.642856666666667 0.340219
0.150000032455363 0.734693333333333 0.360915
-0.849998804570886 -0.489795555555556 0.331211
0.550001286139248 -0.0816326666666667 0.116727
0.0999999155336135 -0.642856666666667 0.444241
-0.849998804570886 0.22449 -0.192357
-0.0999999155336135 -0.285714444444444 0.416353
0.849998804570886 -0.336734444444444 -0.0264007
0.400000935373999 0.938775555555556 0.235882
-0.899998921492635 -1 0.337242
-0.899998921492635 0.734693333333333 0.608223
-0.600001403060998 -0.540816666666667 0.306549
-0.550001286139248 -0.693877777777778 0.334206
-0.650001519982748 0.530612222222222 0.750519
-0.450001052295749 0.326531111111111 0.843424
-0.500001169217498 -0.897958888888889 0.316183
0.949999038414385 0.122448888888889 -0.383337
0.749998570727386 -0.897958888888889 0.497328
-0.699998453805636 -0.897958888888889 0.390967
0.400000935373999 -0.0816326666666667 0.273112
0.600001403060998 -1 0.425509
-0.450001052295749 -0.387755555555556 0.273743
-0.400000935373999 -0.540816666666667 0.310489
-0.799998687649136 0.938775555555556 0.440977
0.849998804570886 -0.846938888888889 0.646044
0.550001286139248 0.377551111111111 0.251552
-0.450001052295749 0.0204081111111111 0.200961
-0.949999038414385 -0.0306122222222222 -0.467461
0.799998687649136 -0.0306122222222222 -0.226586
0.450001052295749 0.887755555555556 0.310732
0.500001169217498 -0.438775555555556 0.848265
-0.350000818452249 0.938775555555556 0.448277
0.400000935373999 0.989795555555556 0.226559
0.400000935373999 0.428571111111111 0.292881
0.699998453805636 -0.591836666666667 0.729468
0.150000032455363 -0.795918888888889 0.436525
0.249999947988977 0.836734444444444 0.331733
-0.749998570727386 -0.387755555555556 0.239042
0.600001403060998 -0.0306122222222222 0.0792942
0.749998570727386 0.785714444444444 0.405391
-0.550001286139248 -0.285714444444444 0.216688
0.699998453805636 0.989795555555556 0.273124
0.699998453805636 -0.438775555555556 0.624954
-0.550001286139248 -0.489795555555556 0.289254
-0.849998804570886 -0.438775555555556 0.290001
0.999999155336135 0.836734444444444 0.550577
-0.799998687649136 0.530612222222222 0.604146
-0.699998453805636 -0.234693333333333 0.136966
0.899998921492635 -0.183673333333333 -0.278605
8.83488187696282e-17 0.122448888888889 0.996826
0.550001286139248 0.938775555555556 0.283763
0.450001052295749 0.530612222222222 0.303805
-0.450001052295749 0.377551111111111 0.868616
-0.799998687649136 0.836734444444444 0.671424
0.200000149377113 -0.540816666666667 0.512878
0.899998921492635 -0.336734444444444 -0.0529072
-0.150000032455363 0.581632222222222 0.474848
0.999999155336135 0.734693333333333 0.536987
-0.650001519982748 -0.489795555555556 0.292075
0.500001169217498 0.632653333333333 0.320392
-0.699998453805636 -0.642856666666667 0.356966
0.799998687649136 0.377551111111111 0.230467
-0.699998453805636 -0.94898 0.34632
-0.249999947988977 0.632653333333333 0.497469
-0.899998921492635 0.22449 -0.236481
-0.400000935373999 -0.285714444444444 0.26716
0.799998687649136 0.938775555555556 0.413694
-0.899998921492635 0.377551111111111 0.112858
0.600001403060998 -0.336734444444444 0.468467
0.550001286139248 0.683673333333333 0.332767
-0.350000818452249 0.122448888888889 0.423065
-0.249999947988977 -1 0.241609
-0.749998570727386 0.122448888888889 -0.107003
0.949999038414385 0.836734444444444 0.518658
-0.350000818452249 -0.795918888888889 0.329038
0.350000818452249 -0.387755555555556 0.936008
0.799998687649136 0.683673333333333 0.406748
-0.300000064910727 0.0204081111111111 0.364938
0.200000149377113 -0.0306122222222222 0.807257
-0.600001403060998 -0.0306122222222222 0.094458
-0.300000064910727 -0.489795555555556 0.323525
0.899998921492635 0.989795555555556 0.358583
-0.400000935373999 0.581632222222222 0.833208
0.550001286139248 -0.94898 0.442442
0.849998804570886 0.785714444444444 0.4543
0.799998687649136 0.734693333333333 0.419529
-0.500001169217498 -0.0306122222222222 0.167903
0.799998687649136 -0.540816666666667 0.611573
0.0999999155336135 -0.336734444444444 0.603903
-0.899998921492635 -0.0306122222222222 -0.426174
-0.949999038414385 -0.897958888888889 0.518418
0.999999155336135 0.989795555555556 0.37604
-0.200000149377113 0.0714285555555556 0.949147
0.350000818452249 0.22449 0.279644
0.400000935373999 0.734693333333333 0.326971
0.799998687649136 0.27551 0.127733
0.150000032455363 -0.693877777777778 0.451356
0.650001519982748 -0.489795555555556 0.729753
0.899998921492635 0.479592222222222 0.340872
-0.249999947988977 0.683673333333333 0.481749
8.83488187696282e-17 -0.336734444444444 0.473481
-0.849998804570886 -0.285714444444444 0.10206
0.949999038414385 -0.591836666666667 0.515972
-0.600001403060998 -0.744897777777778 0.350199
-0.899998921492635 -0.642856666666667 0.443221
-0.350000818452249 0.27551 0.91325
0.450001052295749 -0.94898 0.44886
0.699998453805636 -0.234693333333333 -0.0106224
0.749998570727386 0.632653333333333 0.3702
0.249999947988977 -0.336734444444444 0.97093
0.749998570727386 0.581632222222222 0.350897
0.600001403060998 0.27551 0.196806
-0.849998804570886 -0.387755555555556 0.241391
0.699998453805636 0.428571111111111 0.26474
0.500001169217498 -0.540816666666667 0.868502
0.849998804570886 -0.183673333333333 -0.227441
0.949999038414385 0.530612222222222 0.406603
0.500001169217498 -0.0306122222222222 0.161479
0.949999038414385 0.377551111111111 0.220498
0.300000064910727 -0.795918888888889 0.466855
-0.249999947988977 -0.94898 0.242414
-0.249999947988977 0.887755555555556 0.44423
0.249999947988977 0.326531111111111 0.330011
0.500001169217498 -0.897958888888889 0.45756
0.249999947988977 -0.591836666666667 0.514427
0.450001052295749 -0.0306122222222222 0.201198
-0.200000149377113 0.989795555555556 0.365118
-0.200000149377113 0.27551 0.982246
-0.300000064910727 0.428571111111111 0.95593
-0.350000818452249 0.887755555555556 0.456207
-0.699998453805636 0.581632222222222 0.725945
0.500001169217498 -0.591836666666667 0.870501
-0.0999999155336135 0.989795555555556 0.325538
-0.150000032455363 -0.489795555555556 0.368359
-0.300000064910727 0.836734444444444 0.459258
0.300000064910727 0.173468888888889 0.302421
-0.249999947988977 0.377551111111111 0.97067
0.949999038414385 -0.0306122222222222 -0.500644
-0.899998921492635 -0.285714444444444 0.0104164
-0.350000818452249 -0.285714444444444 0.286396
0.749998570727386 0.989795555555556 0.296731
0.600001403060998 0.734693333333333 0.348952
0.699998453805636 0.632653333333333 0.353978
0.450001052295749 -0.336734444444444 0.84968
0.650001519982748 0.581632222222222 0.326214
-0.200000149377113 0.326531111111111 0.982218
0.999999155336135 -0.693877777777778 0.525762
0.699998453805636 -0.183673333333333 -0.0361546
0.249999947988977 -1 0.383079
-0.949999038414385 -0.285714444444444 -0.106504
0.650001519982748 -0.94898 0.428951
-0.249999947988977 0.581632222222222 0.519639
-0.450001052295749 -0.0306122222222222 0.203093
-0.200000149377113 0.734693333333333 0.45764
-0.849998804570886 -0.540816666666667 0.365709
-0.200000149377113 -0.285714444444444 0.353811
0.999999155336135 0.632653333333333 0.501551
-0.0500001169217498 -0.846938888888889 0.371666
8.83488187696282e-17 -0.285714444444444 0.505567
0.350000818452249 -0.285714444444444 0.916636
-0.350000818452249 -0.744897777777778 0.328696
0.200000149377113 0.173468888888889 0.37127
0.699998453805636 -0.744897777777778 0.750813
0.650001519982748 0.785714444444444 0.368237
0.400000935373999 -0.489795555555556 0.918711
0.150000032455363 -0.336734444444444 0.863809
0.350000818452249 -0.489795555555556 0.934845
-0.799998687649136 -0.132653333333333 -0.0801401
-0.650001519982748 -0.846938888888889 0.372433
-0.0999999155336135 -0.0306122222222222 0.979262
-0.600001403060998 0.479592222222222 0.774362
0.300000064910727 -0.0816326666666667 0.461306
-0.749998570727386 0.938775555555556 0.427942
0.749998570727386 0.22449 0.10401
-0.799998687649136 0.0204081111111111 -0.223769
-0.550001286139248 0.479592222222222 0.819996
0.899998921492635 0.836734444444444 0.488301
-0.150000032455363 0.632653333333333 0.462753
0.699998453805636 0.581632222222222 0.336979
-0.849998804570886 0.632653333333333 0.617157
-0.600001403060998 -0.234693333333333 0.177432
-0.0999999155336135 0.377551111111111 0.541953
0.799998687649136 -0.897958888888889 0.540318
0.0999999155336135 0.27551 0.41945
0.550001286139248 0.27551 0.212738
0.949999038414385 0.734693333333333 0.503878
0.799998687649136 0.530612222222222 0.341613
0.249999947988977 0.989795555555556 0.241685
-0.0500001169217498 -0.540816666666667 0.402805
-0.899998921492635 0.938775555555556 0.484663
0.749998570727386 0.0714285555555556 -0.0342585
-0.500001169217498 -0.540816666666667 0.303305
-0.799998687649136 -0.540816666666667 0.347323
0.600001403060998 0.683673333333333 0.341266
-0.200000149377113 0.428571111111111 0.664008
0.650001519982748 -0.0306122222222222 0.0341857
-0.150000032455363 -0.591836666666667 0.365557
0.899998921492635 -0.693877777777778 0.598677
-0.650001519982748 0.122448888888889 0.0186742
-0.699998453805636 0.0714285555555556 -0.0286948
-0.650001519982748 0.683673333333333 0.782714
0.650001519982748 0.683673333333333 0.35285
-0.0500001169217498 -0.744897777777778 0.387104
-0.749998570727386 0.887755555555556 0.523693
-0.300000064910727 -0.591836666666667 0.330047
-0.999999155336135 -0.489795555555556 0.399828
-0.949999038414385 0.326531111111111 -0.0827841
0.0999999155336135 0.530612222222222 0.38477
-0.699998453805636 0.0204081111111111 -0.014042
-0.300000064910727 -0.285714444444444 0.30704
-0.749998570727386 -0.642856666666667 0.373581
-0.849998804570886 -0.0306122222222222 -0.345805
0.650001519982748 -0.897958888888889 0.45216
-0.150000032455363 0.27551 0.990648
0.400000935373999 -0.285714444444444 0.872389
0.699998453805636 -0.387755555555556 0.451217
0.899998921492635 -0.642856666666667 0.580893
0.899998921492635 -0.540816666666667 0.520541
0.899998921492635 -0.234693333333333 -0.225038
-0.249999947988977 -0.795918888888889 0.339394
-0.400000935373999 0.530612222222222 0.916464
-0.200000149377113 0.173468888888889 0.975754
-0.249999947988977 -0.744897777777778 0.339928
-0.749998570727386 0.989795555555556 0.396479
8.83488187696282e-17 -0.183673333333333 0.803954
-0.450001052295749 -0.795918888888889 0.330256
0.500001169217498 -0.285714444444444 0.599454
-0.0500001169217498 0.326531111111111 0.529779
0.749998570727386 -0.642856666666667 0.703175
0.300000064910727 0.377551111111111 0.314161
0.450001052295749 0.0204081111111111 0.202397
-0.999999155336135 -0.0306122222222222 -0.488516
-0.450001052295749 0.683673333333333 0.605585
8.83488187696282e-17 0.377551111111111 0.456837
-0.949999038414385 0.734693333333333 0.57196
0.300000064910727 0.938775555555556 0.236738
-0.550001286139248 -0.183673333333333 0.178007
-0.650001519982748 0.326531111111111 0.234255
-0.350000818452249 -0.94898 0.230334
0.849998804570886 0.530612222222222 0.359321
-0.200000149377113 0.22449 0.98012
0.400000935373999 -0.336734444444444 0.895115
-0.799998687649136 0.27551 -0.0875086
-0.749998570727386 -0.336734444444444 0.200057
-0.0500001169217498 -1 0.285174
0.550001286139248 -0.846938888888889 0.474253
-0.600001403060998 -0.642856666666667 0.333347
0.0999999155336135 -0.387755555555556 0.532652
0.949999038414385 -0.94898 0.470058
0.300000064910727 -0.846938888888889 0.457531
-0.300000064910727 -0.132653333333333 0.303673
0.999999155336135 -0.94898 0.471076
-0.849998804570886 -0.846938888888889 0.460648
0.150000032455363 0.836734444444444 0.348863
0.400000935373999 -0.591836666666667 0.795182
0.150000032455363 -0.234693333333333 0.990944
-0.699998453805636 0.683673333333333 0.748555
0.400000935373999 -0.642856666666667 0.604068
0.600001403060998 0.122448888888889 0.127202
-0.450001052295749 -1 0.226386
0.450001052295749 -0.846938888888889 0.470468
0.249999947988977 0.734693333333333 0.340003
0.150000032455363 0.122448888888889 0.452494
-0.849998804570886 -0.336734444444444 0.182778
0.600001403060998 0.530612222222222 0.303318
0.799998687649136 0.989795555555556 0.320547
0.350000818452249 0.326531111111111 0.291469
8.83488187696282e-17 0.887755555555556 0.3594
0.999999155336135 -0.744897777777778 0.539234
-0.249999947988977 0.938775555555556 0.431603
0.899998921492635 -0.0306122222222222 -0.460369
0.400000935373999 -0.846938888888889 0.467804
-0.400000935373999 0.785714444444444 0.483872
0.300000064910727 -0.693877777777778 0.492739
0.0500001169217498 -0.234693333333333 0.831673
0.200000149377113 0.122448888888889 0.391327
0.699998453805636 0.785714444444444 0.38529
-0.350000818452249 -0.438775555555556 0.306018
0.400000935373999 0.22449 0.256788
-0.450001052295749 -0.540816666666667 0.305619
-0.300000064910727 0.734693333333333 0.480881
0.799998687649136 -0.846938888888889 0.65994
-0.350000818452249 -0.897958888888889 0.277692
-0.300000064910727 0.479592222222222 0.887666
0.500001169217498 0.734693333333333 0.332186
-0.949999038414385 0.22449 -0.264719
-0.450001052295749 -0.234693333333333 0.237237
0.249999947988977 -0.693877777777778 0.47908
-0.150000032455363 -0.285714444444444 0.382836
0.450001052295749 0.989795555555556 0.22638
-0.600001403060998 0.428571111111111 0.742673
0.899998921492635 -1 0.364875
0.999999155336135 0.683673333333333 0.522367
0.300000064910727 0.0204081111111111 0.334234
-0.500001169217498 0.22449 0.287436
0.699998453805636 -0.489795555555556 0.676648
0.600001403060998 -0.387755555555556 0.696727
0.350000818452249 -0.183673333333333 0.796857
0.999999155336135 -0.591836666666667 0.479824
0.300000064910727 -0.744897777777778 0.478276
0.550001286139248 0.173468888888889 0.174343
0.200000149377113 0.785714444444444 0.348432
0.799998687649136 -0.285714444444444 -0.0740107
-0.0999999155336135 0.530612222222222 0.46689
-0.899998921492635 0.0204081111111111 -0.455837
0.999999155336135 0.887755555555556 0.5497
0.799998687649136 -0.234693333333333 -0.129873
0.699998453805636 -0.336734444444444 0.163036
-0.0999999155336135 -0.234693333333333 0.435235
0.600001403060998 -0.438775555555556 0.750296
-0.150000032455363 0.0204081111111111 0.965834
0.0500001169217498 -0.591836666666667 0.434582
0.249999947988977 0.785714444444444 0.339571
-0.0500001169217498 -0.387755555555556 0.423431
0.200000149377113 -0.591836666666667 0.492101
0.600001403060998 0.938775555555556 0.308578
-0.550001286139248 -0.234693333333333 0.197027
-0.0500001169217498 0.530612222222222 0.444784
0.949999038414385 0.0714285555555556 -0.432961
0.0999999155336135 -0.0816326666666667 0.994528
0.899998921492635 0.734693333333333 0.473068
0.200000149377113 -0.234693333333333 0.980702
-0.749998570727386 -0.795918888888889 0.406644
0.550001286139248 -0.183673333333333 0.145786
-0.500001169217498 0.632653333333333 0.860404
8.83488187696282e-17 -0.0816326666666667 0.999618
0.600001403060998 -0.132653333333333 0.0686489
-0.200000149377113 -1 0.250606
0.150000032455363 0.0714285555555556 0.521157
0.550001286139248 0.887755555555556 0.33992
0.150000032455363 0.326531111111111 0.377384
-0.650001519982748 0.27551 0.104895
-0.650001519982748 -1 0.25329
-0.899998921492635 -0.693877777777778 0.461901
-0.0500001169217498 0.0714285555555556 0.999106
-0.350000818452249 -0.336734444444444 0.292781
0.699998453805636 -0.0816326666666667 -0.0308206
0.350000818452249 -0.234693333333333 0.894548
0.500001169217498 0.836734444444444 0.336318
-0.650001519982748 0.581632222222222 0.768056
0.749998570727386 0.173468888888889 0.0568059
-0.550001286139248 -0.744897777777778 0.340088
-0.550001286139248 -0.795918888888889 0.343745
0.450001052295749 -0.795918888888889 0.486595
-0.550001286139248 0.0204081111111111 0.122662
-0.500001169217498 0.734693333333333 0.571532
0.799998687649136 -0.336734444444444 0.0190837
-0.450001052295749 0.632653333333333 0.792826
0.999999155336135 -0.438775555555556 0.339265
-0.799998687649136 0.632653333333333 0.658808
-0.400000935373999 -0.234693333333333 0.258435
0.450001052295749 0.22449 0.234918
8.83488187696282e-17 -0.642856666666667 0.410873
0.350000818452249 -0.94898 0.446582
-0.249999947988977 0.989795555555556 0.393001
0.849998804570886 -0.540816666666667 0.564566
0.849998804570886 -0.591836666666667 0.597712
-0.0999999155336135 0.173468888888889 0.996412
0.899998921492635 0.428571111111111 0.291979
-0.0500001169217498 0.734693333333333 0.417023
0.699998453805636 0.887755555555556 0.391593
-0.450001052295749 0.785714444444444 0.490646
0.450001052295749 -0.591836666666667 0.884157
-0.749998570727386 -0.183673333333333 0.0663618
0.699998453805636 -1 0.405212
0.350000818452249 -0.0306122222222222 0.303756
0.699998453805636 0.173468888888889 0.0939199
-0.350000818452249 -0.693877777777778 0.327741
0.849998804570886 0.938775555555556 0.43848
-0.0999999155336135 0.479592222222222 0.482536
0.600001403060998 -0.234693333333333 0.12448
8.83488187696282e-17 0.326531111111111 0.478654
0.550001286139248 0.428571111111111 0.269606
-0.600001403060998 0.785714444444444 0.614369
-0.400000935373999 0.173468888888889 0.421714
0.699998453805636 -0.642856666666667 0.742659
0.249999947988977 0.377551111111111 0.331842
0.600001403060998 -0.591836666666667 0.80838
0.150000032455363 0.683673333333333 0.362672
-0.749998570727386 -0.0816326666666667 -0.0261117
0.550001286139248 0.989795555555556 0.234243
0.650001519982748 -0.0816326666666667 0.0233775
-0.0500001169217498 -0.183673333333333 0.54707
-0.400000935373999 0.326531111111111 0.891536
-0.0500001169217498 0.0204081111111111 0.998549
0.949999038414385 0.326531111111111 0.0492008
0.849998804570886 0.0204081111111111 -0.352494
0.0500001169217498 -0.897958888888889 0.373381
0.0999999155336135 -0.0306122222222222 0.991433
-0.949999038414385 0.632653333333333 0.537692
-0.849998804570886 0.0204081111111111 -0.372261
0.550001286139248 0.632653333333333 0.324282
0.300000064910727 -0.897958888888889 0.449691
0.600001403060998 -0.795918888888889 0.582425
-0.650001519982748 -0.591836666666667 0.329407
0.550001286139248 -0.693877777777778 0.804919
-0.999999155336135 0.479592222222222 0.389235
0.849998804570886 -0.744897777777778 0.646482
-0.600001403060998 0.173468888888889 0.0766411
0.899998921492635 0.0714285555555556 -0.394511
0.200000149377113 -0.183673333333333 0.976854
-0.0500001169217498 -0.591836666666667 0.39839
0.0999999155336135 0.887755555555556 0.318259
-0.799998687649136 0.785714444444444 0.684423
0.799998687649136 -1 0.381262
0.849998804570886 -0.132653333333333 -0.275936
0.150000032455363 -0.846938888888889 0.43024
-0.650001519982748 0.938775555555556 0.432306
0.300000064910727 0.0714285555555556 0.313491
0.0999999155336135 -0.846938888888889 0.418048
0.949999038414385 0.428571111111111 0.306373
-0.200000149377113 0.683673333333333 0.46753
-0.300000064910727 -0.387755555555556 0.315027
-0.600001403060998 -1 0.242395
-0.749998570727386 0.326531111111111 0.0554028
-0.0999999155336135 0.938775555555556 0.358186
0.0500001169217498 -0.642856666666667 0.427599
0.650001519982748 0.479592222222222 0.287698
-0.300000064910727 -0.795918888888889 0.332931
-0.949999038414385 -0.183673333333333 -0.311608
-0.550001286139248 0.428571111111111 0.797721
-0.600001403060998 0.122448888888889 0.0688307
-0.899998921492635 -0.387755555555556 0.244183
0.400000935373999 0.785714444444444 0.327997
-0.0999999155336135 -0.795918888888889 0.370715
-0.650001519982748 -0.438775555555556 0.269104
8.83488187696282e-17 -0.132653333333333 0.994372
-0.899998921492635 -0.489795555555556 0.349531
0.249999947988977 0.27551 0.328925
0.150000032455363 -0.0816326666666667 0.982144
-0.849998804570886 -0.642856666666667 0.416665
-0.749998570727386 0.734693333333333 0.717251
0.949999038414385 -0.336734444444444 -0.0504544
0.749998570727386 0.122448888888889 0.00930774
0.450001052295749 -0.387755555555556 0.872245
-0.999999155336135 -0.438775555555556 0.339265
8.83488187696282e-17 0.734693333333333 0.402366
-0.699998453805636 0.326531111111111 0.130914
0.0999999155336135 -0.438775555555556 0.499743
0.400000935373999 -0.183673333333333 0.467147
0.749998570727386 -0.234693333333333 -0.071686
-0.999999155336135 0.836734444444444 0.550577
-0.600001403060998 0.938775555555556 0.438977
-0.400000935373999 -0.744897777777778 0.327261
0.0999999155336135 -0.94898 0.347907
-0.400000935373999 0.683673333333333 0.536186
0.400000935373999 -1 0.438925
-0.550001286139248 0.581632222222222 0.841028
-0.550001286139248 -0.0306122222222222 0.131989
8.83488187696282e-17 -0.540816666666667 0.422466
0.550001286139248 -0.387755555555556 0.76993
-0.999999155336135 -0.94898 0.471076
-0.749998570727386 0.173468888888889 -0.100902
-0.200000149377113 0.836734444444444 0.442167
-0.749998570727386 0.479592222222222 0.612102
-0.500001169217498 0.785714444444444 0.501398
-0.300000064910727 -1 0.234404
0.749998570727386 0.734693333333333 0.397197
-0.0999999155336135 0.887755555555556 0.40405
-0.450001052295749 0.22449 0.450328
-0.600001403060998 -0.0816326666666667 0.111378
-0.150000032455363 -0.387755555555556 0.372471
-0.450001052295749 -0.438775555555556 0.28534
-0.949999038414385 0.122448888888889 -0.381073
-0.600001403060998 -0.132653333333333 0.13142
0.400000935373999 0.0204081111111111 0.238579
0.650001519982748 0.530612222222222 0.308436
-0.899998921492635 0.27551 -0.171918
-0.650001519982748 0.734693333333333 0.77921
-0.999999155336135 -0.132653333333333 -0.382386
0.550001286139248 0.836734444444444 0.345149
0.749998570727386 -0.0816326666666667 -0.10403
-0.650001519982748 -0.0306122222222222 0.0540099
0.249999947988977 0.428571111111111 0.334036
0.799998687649136 0.581632222222222 0.36812
0.949999038414385 0.479592222222222 0.362545
0.849998804570886 0.836734444444444 0.459935
0.749998570727386 0.326531111111111 0.191862
0.749998570727386 -0.489795555555556 0.621897
0.450001052295749 -1 0.440548
0.749998570727386 -0.285714444444444 -0.0173565
-0.150000032455363 -0.693877777777778 0.362322
-0.550001286139248 0.785714444444444 0.534187
-0.550001286139248 -0.336734444444444 0.236305
-0.699998453805636 -0.489795555555556 0.297383
-0.0999999155336135 -0.94898 0.275275
0.749998570727386 -0.846938888888889 0.641131
-0.200000149377113 -0.489795555555556 0.35141
0.650001519982748 0.326531111111111 0.210422
-0.0999999155336135 0.428571111111111 0.505037
0.849998804570886 0.989795555555556 0.341664
0.300000064910727 0.530612222222222 0.326503
-0.799998687649136 -0.489795555555556 0.31668
0.0999999155336135 0.479592222222222 0.388073
-0.300000064910727 -0.0816326666666667 0.310949
-0.400000935373999 -0.0816326666666667 0.239974
0.849998804570886 -0.0306122222222222 -0.375416
0.799998687649136 0.428571111111111 0.272883
0.799998687649136 0.785714444444444 0.428444
0.200000149377113 0.0204081111111111 0.498905
8.83488187696282e-17 0.22449 0.589641
0.500001169217498 0.428571111111111 0.275343
-0.899998921492635 -0.0816326666666667 -0.385469
0.0500001169217498 -0.540816666666667 0.442889
-0.400000935373999 -0.846938888888889 0.325817
-0.749998570727386 0.428571111111111 0.529841
0.749998570727386 -0.132653333333333 -0.106862
0.300000064910727 -0.234693333333333 0.936497
0.350000818452249 0.632653333333333 0.325145
0.300000064910727 0.479592222222222 0.322726
-0.999999155336135 -0.540816666666667 0.445064
0.150000032455363 0.0204081111111111 0.826254
-0.899998921492635 -0.336734444444444 0.15734
0.500001169217498 0.785714444444444 0.335122
0.249999947988977 -0.744897777777778 0.467412
-0.500001169217498 -0.489795555555556 0.291463
-0.200000149377113 -0.795918888888889 0.348078
0.350000818452249 -0.132653333333333 0.453708
0.949999038414385 -0.489795555555556 0.433063
-0.200000149377113 -0.591836666666667 0.35151
-0.999999155336135 -0.336734444444444 0.000162028
-0.400000935373999 0.22449 0.755056
-0.600001403060998 0.27551 0.190352
-0.749998570727386 -0.489795555555556 0.305507
0.350000818452249 -0.642856666666667 0.538085
8.83488187696282e-17 -0.744897777777778 0.401479
0.400000935373999 0.836734444444444 0.327598
-0.999999155336135 -0.846938888888889 0.550975
0.899998921492635 -0.0816326666666667 -0.409422
0.949999038414385 -0.897958888888889 0.568459
0.0500001169217498 -1 0.311052
8.83488187696282e-17 -0.795918888888889 0.397237
-0.650001519982748 -0.132653333333333 0.100764
-0.450001052295749 -0.489795555555556 0.296047
0.699998453805636 0.377551111111111 0.234106
0.350000818452249 0.173468888888889 0.27529
-0.0999999155336135 -0.897958888888889 0.306589
-0.0500001169217498 -0.693877777777778 0.390691
-0.849998804570886 -0.132653333333333 -0.233297
8.83488187696282e-17 0.0204081111111111 0.999988
0.150000032455363 0.428571111111111 0.370459
-0.0999999155336135 0.27551 0.90839
-0.500001169217498 0.377551111111111 0.820733
0.450001052295749 -0.897958888888889 0.458445
0.0500001169217498 0.989795555555556 0.285728
-0.450001052295749 0.938775555555556 0.450619
-0.350000818452249 0.377551111111111 0.934957
0.949999038414385 0.989795555555556 0.370162
0.450001052295749 -0.744897777777778 0.512492
0.0999999155336135 0.22449 0.440258
-0.699998453805636 -0.285714444444444 0.172902
-0.350000818452249 0.836734444444444 0.465526
-0.400000935373999 0.377551111111111 0.90623
-0.200000149377113 -0.438775555555556 0.351116
-0.200000149377113 -0.336734444444444 0.351645
0.899998921492635 -0.744897777777778 0.610021
-0.749998570727386 0.0714285555555556 -0.102441
-0.150000032455363 0.683673333333333 0.453083
-0.400000935373999 -0.693877777777778 0.325293
0.899998921492635 -0.94898 0.458269
-0.749998570727386 0.581632222222222 0.681602
-0.949999038414385 0.377551111111111 0.13948
-0.300000064910727 -0.744897777777778 0.332941
0.500001169217498 -0.693877777777778 0.704023
-0.899998921492635 0.836734444444444 0.616954
0.0999999155336135 0.173468888888889 0.475502
-0.200000149377113 -0.846938888888889 0.332606
0.749998570727386 0.377551111111111 0.231526
0.150000032455363 0.479592222222222 0.368665
0.450001052295749 0.122448888888889 0.214482
-0.849998804570886 0.27551 -0.135668
0.500001169217498 0.22449 0.213802
0.799998687649136 -0.744897777777778 0.682633
-0.500001169217498 -0.438775555555556 0.278158
-0.949999038414385 0.428571111111111 0.342734
-0.849998804570886 -0.693877777777778 0.434237
0.949999038414385 0.22449 -0.250764
-0.849998804570886 0.173468888888889 -0.236218
-0.450001052295749 0.122448888888889 0.23545
0.899998921492635 0.22449 -0.175198
-0.249999947988977 0.428571111111111 0.903353
0.600001403060998 -0.744897777777778 0.746374
0.749998570727386 0.0204081111111111 -0.068975
-0.699998453805636 0.530612222222222 0.703036
-0.899998921492635 -0.846938888888889 0.488968
-0.849998804570886 0.479592222222222 0.505723
0.0500001169217498 0.632653333333333 0.395191
0.249999947988977 -0.0816326666666667 0.792461
-0.899998921492635 0.173468888888889 -0.289047
0.200000149377113 -0.489795555555556 0.546224
-0.749998570727386 -0.234693333333333 0.113225
0.500001169217498 0.938775555555556 0.26189
0.400000935373999 -0.540816666666667 0.91198
0.0999999155336135 0.989795555555556 0.273151
0.500001169217498 0.0204081111111111 0.166485
0.650001519982748 0.0714285555555556 0.0709351
0.500001169217498 0.122448888888889 0.185918
0.350000818452249 0.785714444444444 0.328986
0.749998570727386 -0.795918888888889 0.714218
-0.400000935373999 0.632653333333333 0.633815
-0.0500001169217498 -0.897958888888889 0.32604
-0.799998687649136 0.377551111111111 0.17382
0.500001169217498 -0.234693333333333 0.313502
-0.150000032455363 -0.336734444444444 0.376341
0.0999999155336135 0.122448888888889 0.544027
0.450001052295749 -0.438775555555556 0.885752
-0.650001519982748 -0.387755555555556 0.243629
-0.500001169217498 -0.94898 0.247161
0.600001403060998 0.377551111111111 0.244082
0.699998453805636 -0.897958888888889 0.464495
0.0500001169217498 0.27551 0.460869
-0.450001052295749 -0.591836666666667 0.313867
-0.949999038414385 -0.438775555555556 0.318891
-0.500001169217498 -0.234693333333333 0.21686
0.300000064910727 0.734693333333333 0.332916
0.500001169217498 0.0714285555555556 0.174826
-0.650001519982748 -0.897958888888889 0.370922
-0.899998921492635 0.479592222222222 0.460425
8.83488187696282e-17 -0.489795555555556 0.429991
0.799998687649136 -0.183673333333333 -0.164237
-0.949999038414385 0.0204081111111111 -0.50318
0.849998804570886 0.632653333333333 0.412553
-0.300000064910727 0.887755555555556 0.451175
0.500001169217498 -0.489795555555556 0.861456
-0.550001286139248 0.836734444444444 0.479771
0.249999947988977 0.632653333333333 0.340168
-0.999999155336135 -0.897958888888889 0.545866
-0.150000032455363 0.887755555555556 0.421863
0.400000935373999 -0.693877777777778 0.527168
0.699998453805636 0.0204081111111111 0.00246716
-0.150000032455363 0.428571111111111 0.550774
0.999999155336135 -0.183673333333333 -0.324836
-0.249999947988977 0.0204081111111111 0.45752
0.300000064910727 0.632653333333333 0.331583
-0.450001052295749 -0.183673333333333 0.226056
0.0500001169217498 -0.0816326666666667 0.999163
0.849998804570886 -0.285714444444444 -0.121387
0.500001169217498 0.581632222222222 0.311606
0.350000818452249 0.27551 0.285187
0.200000149377113 0.632653333333333 0.351162
-0.799998687649136 0.173468888888889 -0.170032
8.83488187696282e-17 0.938775555555556 0.309149
0.899998921492635 -0.846938888888889 0.616734
-0.650001519982748 0.377551111111111 0.540739
-0.699998453805636 0.22449 -0.0181083
0.450001052295749 -0.489795555555556 0.89321
0.500001169217498 -0.846938888888889 0.472016
0.200000149377113 -0.94898 0.404289
8.83488187696282e-17 0.428571111111111 0.442183
0.999999155336135 0.326531111111111 -0.0426461
-0.650001519982748 -0.183673333333333 0.12851
-0.899998921492635 0.122448888888889 -0.348207
-0.500001169217498 -0.795918888888889 0.335486
-0.0999999155336135 -0.132653333333333 0.525465
-0.999999155336135 0.683673333333333 0.522367
0.849998804570886 0.479592222222222 0.323523
-0.150000032455363 0.785714444444444 0.437844
-0.849998804570886 -0.183673333333333 -0.135414
0.150000032455363 -0.0306122222222222 0.970282
-0.799998687649136 0.989795555555556 0.386282
0.699998453805636 0.836734444444444 0.38981
0.150000032455363 0.377551111111111 0.373099
0.999999155336135 -0.387755555555556 0.225497
-0.899998921492635 -0.540816666666667 0.387902
-0.200000149377113 0.632653333333333 0.479785
-0.799998687649136 0.22449 -0.137994
-0.400000935373999 0.0204081111111111 0.244368
0.899998921492635 0.27551 -0.0235055
-0.0500001169217498 0.581632222222222 0.436116
0.400000935373999 0.479592222222222 0.301387
0.849998804570886 -0.642856666666667 0.621194
-0.200000149377113 -0.183673333333333 0.368499
0.249999947988977 -0.489795555555556 0.634135
-0.799998687649136 0.479592222222222 0.556888
0.550001286139248 0.785714444444444 0.34319
0.0999999155336135 0.377551111111111 0.397934
-0.0500001169217498 0.785714444444444 0.411834
-0.949999038414385 0.989795555555556 0.377387
0.949999038414385 -0.0816326666666667 -0.432254
0.150000032455363 0.938775555555556 0.263889
0.999999155336135 0.27551 -0.187212
-0.749998570727386 -0.846938888888889 0.411135
0.899998921492635 0.581632222222222 0.413191
0.650001519982748 -0.234693333333333 0.0538402
-0.699998453805636 -0.693877777777778 0.369925
-0.550001286139248 -0.438775555555556 0.273048
0.0999999155336135 0.785714444444444 0.371303
0.400000935373999 0.530612222222222 0.309071
-0.400000935373999 -0.132653333333333 0.244287
-0.300000064910727 -0.234693333333333 0.304135
0.600001403060998 -0.94898 0.436352
-0.699998453805636 0.27551 0.0328155
-0.650001519982748 0.785714444444444 0.70197
0.0500001169217498 0.377551111111111 0.425626
-0.350000818452249 0.428571111111111 0.93867
-0.650001519982748 0.479592222222222 0.723356
0.550001286139248 0.530612222222222 0.300892
-0.699998453805636 -0.132653333333333 0.0663309
0.200000149377113 0.377551111111111 0.351066
-0.899998921492635 0.632653333333333 0.576468
-0.849998804570886 0.734693333333333 0.645058
-0.249999947988977 0.836734444444444 0.451435
0.200000149377113 0.887755555555556 0.292358
0.650001519982748 0.377551111111111 0.238272
-0.300000064910727 0.0714285555555556 0.437569
0.0500001169217498 0.683673333333333 0.391427
0.600001403060998 -0.183673333333333 0.0813947
0.650001519982748 -0.387755555555556 0.589003
-0.699998453805636 -0.795918888888889 0.386411
-0.849998804570886 -0.0816326666666667 -0.301059
0.150000032455363 0.887755555555556 0.30304
0.650001519982748 0.632653333333333 0.340981
0.249999947988977 -0.897958888888889 0.4427
-0.350000818452249 0.581632222222222 0.654415
-0.300000064910727 0.938775555555556 0.442771
-0.699998453805636 0.785714444444444 0.733641
-0.999999155336135 0.0204081111111111 -0.4983
0.450001052295749 0.377551111111111 0.271344
0.249999947988977 0.479592222222222 0.336254
0.200000149377113 0.326531111111111 0.351922
-0.550001286139248 0.173468888888889 0.138233
0.300000064910727 0.785714444444444 0.332959
-0.0999999155336135 0.785714444444444 0.425248
0.749998570727386 0.887755555555556 0.412695
-0.450001052295749 -0.336734444444444 0.261579
-0.899998921492635 0.785714444444444 0.615055
0.999999155336135 -0.897958888888889 0.545866
0.749998570727386 0.836734444444444 0.410464
0.799998687649136 -0.94898 0.424382
-0.200000149377113 0.887755555555556 0.434912
0.0999999155336135 -1 0.323976
0.350000818452249 0.581632222222222 0.321528
0.0500001169217498 0.785714444444444 0.384412
-0.0999999155336135 -1 0.272755
-0.400000935373999 -0.336734444444444 0.276379
-0.600001403060998 -0.387755555555556 0.248569
-0.350000818452249 0.479592222222222 0.937915
0.400000935373999 -0.94898 0.448963
-0.150000032455363 0.530612222222222 0.490716
-0.949999038414385 -0.94898 0.461882
-0.150000032455363 -0.846938888888889 0.342755
-0.600001403060998 -0.285714444444444 0.201652
0.249999947988977 0.938775555555556 0.243442
-0.799998687649136 -0.795918888888889 0.429799
-0.550001286139248 0.734693333333333 0.682062
-0.450001052295749 -0.693877777777778 0.325481
-0.249999947988977 -0.387755555555556 0.332264
-0.699998453805636 -0.0816326666666667 0.0345041
-0.0999999155336135 -0.183673333333333 0.466736
-0.699998453805636 0.989795555555556 0.407766
0.200000149377113 -0.438775555555556 0.629278
-0.949999038414385 -0.591836666666667 0.447406
0.300000064910727 -0.132653333333333 0.791507
-0.650001519982748 0.0204081111111111 0.0369874
-0.849998804570886 0.326531111111111 -0.0497109
-0.0500001169217498 -0.285714444444444 0.455776
-0.600001403060998 0.530612222222222 0.794471
0.849998804570886 0.27551 0.0816709
-0.949999038414385 0.581632222222222 0.509684
-0.450001052295749 0.0714285555555556 0.208249
0.699998453805636 0.683673333333333 0.367595
0.699998453805636 -0.846938888888889 0.584524
-0.500001169217498 0.428571111111111 0.844722
0.550001286139248 -0.0306122222222222 0.121257
-0.749998570727386 -0.591836666666667 0.355087
-0.550001286139248 -0.387755555555556 0.255264
0.300000064910727 -0.285714444444444 0.947486
0.849998804570886 0.122448888888889 -0.24906
-0.600001403060998 -0.438775555555556 0.26999
-0.0999999155336135 -0.846938888888889 0.356076
-0.899998921492635 0.530612222222222 0.512128
-0.0999999155336135 0.734693333333333 0.431328
-0.699998453805636 -0.846938888888889 0.390388
0.400000935373999 0.683673333333333 0.324734
0.200000149377113 0.22449 0.360265
0.650001519982748 0.836734444444444 0.371995
-0.150000032455363 -0.540816666666667 0.366944
0.749998570727386 -0.540816666666667 0.660106
8.83488187696282e-17 0.683673333333333 0.406955
0.650001519982748 0.22449 0.151785
0.899998921492635 -0.387755555555556 0.171325
0.400000935373999 -0.897958888888889 0.457448
0.450001052295749 0.479592222222222 0.29399
-0.249999947988977 -0.438775555555556 0.334488
-0.899998921492635 0.0714285555555556 -0.427077
-0.249999947988977 0.479592222222222 0.669441
-0.650001519982748 -0.285714444444444 0.187199
0.0500001169217498 -0.183673333333333 0.996112
0.350000818452249 0.377551111111111 0.298104
0.450001052295749 -0.540816666666667 0.895822
-0.450001052295749 -0.285714444444444 0.249251
0.0999999155336135 -0.693877777777778 0.436699
8.83488187696282e-17 0.989795555555556 0.298765
-0.200000149377113 -0.94898 0.251862
0.300000064910727 0.428571111111111 0.318513
0.999999155336135 0.428571111111111 0.323627
-0.999999155336135 0.377551111111111 0.187088
-0.949999038414385 -0.795918888888889 0.514854
0.749998570727386 -0.0306122222222222 -0.0920756
-0.949999038414385 -0.540816666666667 0.414249
-0.650001519982748 -0.94898 0.318873
0.200000149377113 -0.336734444444444 0.98054
0.999999155336135 0.530612222222222 0.43694
-0.300000064910727 0.581632222222222 0.554966
0.500001169217498 0.887755555555556 0.324737
-0.300000064910727 0.530612222222222 0.666388
-0.650001519982748 -0.795918888888889 0.369197
-0.0500001169217498 -0.336734444444444 0.436297
0.949999038414385 0.173468888888889 -0.324813
-0.650001519982748 0.173468888888889 0.0194671
-0.650001519982748 -0.540816666666667 0.312233
-0.249999947988977 0.27551 0.967844
0.150000032455363 0.581632222222222 0.365842
0.600001403060998 0.22449 0.172624
0.400000935373999 0.173468888888889 0.249228
-0.249999947988977 -0.234693333333333 0.329218
0.200000149377113 0.938775555555556 0.252728
-0.0999999155336135 0.581632222222222 0.455152
-0.749998570727386 0.22449 -0.0789125
-0.249999947988977 0.785714444444444 0.459674
0.0500001169217498 0.122448888888889 0.858833
0.899998921492635 -0.489795555555556 0.472334
-0.0500001169217498 0.27551 0.61226
0.799998687649136 0.173468888888889 -0.016588
-0.849998804570886 0.683673333333333 0.634416
-0.949999038414385 -1 0.349158
0.249999947988977 -0.795918888888889 0.457914
-0.0500001169217498 0.989795555555556 0.311949
0.500001169217498 -0.336734444444444 0.78735
0.200000149377113 -0.795918888888889 0.44783
0.500001169217498 -0.0816326666666667 0.160993
-0.849998804570886 -1 0.320689
-0.350000818452249 -0.642856666666667 0.325704
-0.899998921492635 0.428571111111111 0.366145
-0.249999947988977 0.22449 0.962086
0.899998921492635 -0.591836666666667 0.555495
-0.350000818452249 0.22449 0.887663
0.799998687649136 -0.591836666666667 0.641622
-0.400000935373999 -0.795918888888889 0.328099
0.550001286139248 -0.285714444444444 0.354354
0.550001286139248 -0.489795555555556 0.823329
-0.799998687649136 0.734693333333333 0.681671
0.949999038414385 -0.642856666666667 0.542336
0.699998453805636 0.22449 0.129736
0.650001519982748 0.0204081111111111 0.0502181
0.350000818452249 -0.795918888888889 0.474485
0.200000149377113 0.836734444444444 0.33871
-0.650001519982748 -0.234693333333333 0.157679
0.0500001169217498 0.479592222222222 0.409175
0.150000032455363 0.785714444444444 0.359162
0.450001052295749 -0.693877777777778 0.579627
0.200000149377113 -1 0.357192
-0.999999155336135 0.326531111111111 -0.0426461
0.0500001169217498 0.938775555555556 0.291441
-0.749998570727386 -1 0.282832
0.400000935373999 -0.234693333333333 0.801505
0.500001169217498 -0.642856666666667 0.849527
-0.999999155336135 -0.693877777777778 0.525762
8.83488187696282e-17 0.785714444444444 0.398063
-0.150000032455363 -0.234693333333333 0.393724
0.0999999155336135 -0.234693333333333 0.994223
0.999999155336135 -0.0306122222222222 -0.488516
0.249999947988977 -0.234693333333333 0.963524
-0.300000064910727 0.173468888888889 0.909149
0.799998687649136 0.122448888888889 -0.0951216
-0.600001403060998 0.836734444444444 0.496301
8.83488187696282e-17 0.0714285555555556 0.999789
0.350000818452249 -0.336734444444444 0.929012
0.249999947988977 0.683673333333333 0.34025
0.150000032455363 -0.897958888888889 0.417597
0.0500001169217498 -0.387755555555556 0.488189
0.899998921492635 0.785714444444444 0.482747
0.999999155336135 0.0204081111111111 -0.4983
-0.300000064910727 0.377551111111111 0.956121
0.749998570727386 -0.336734444444444 0.0808473
0.949999038414385 0.0204081111111111 -0.475321
-0.600001403060998 -0.591836666666667 0.321208
-0.500001169217498 -0.846938888888889 0.336382
0.699998453805636 -0.132653333333333 -0.0375383
0.200000149377113 -0.132653333333333 0.969677
0.799998687649136 -0.438775555555556 0.488637
-0.200000149377113 -0.0816326666666667 0.418551
-0.200000149377113 -0.642856666666667 0.351036
-0.749998570727386 -0.540816666666667 0.332439
-0.600001403060998 -0.693877777777778 0.342999
0.300000064910727 0.836734444444444 0.327838
0.799998687649136 0.326531111111111 0.182565
-0.300000064910727 0.785714444444444 0.46895
-0.200000149377113 -0.132653333333333 0.38632
-0.150000032455363 -0.132653333333333 0.443624
-0.0999999155336135 0.836734444444444 0.419495
-0.400000935373999 0.479592222222222 0.918452
0.949999038414385 -0.693877777777778 0.561343
-0.550001286139248 -0.591836666666667 0.315936
0.999999155336135 -0.489795555555556 0.399828
0.849998804570886 -0.438775555555556 0.434172
-0.0500001169217498 -0.642856666666667 0.394423
0.949999038414385 0.27551 -0.137956
-0.650001519982748 0.428571111111111 0.679687
-0.799998687649136 0.581632222222222 0.636449
0.749998570727386 0.530612222222222 0.327396
-0.550001286139248 0.27551 0.308262
-0.999999155336135 -0.0816326666666667 -0.436533
-0.650001519982748 -0.336734444444444 0.216117
-0.350000818452249 0.785714444444444 0.476982
-0.999999155336135 -0.795918888888889 0.547373
-0.0500001169217498 0.632653333333333 0.428916
0.949999038414385 0.938775555555556 0.480727
0.249999947988977 -0.0306122222222222 0.478087
0.899998921492635 0.0204081111111111 -0.432998
0.0999999155336135 0.683673333333333 0.376501
-0.400000935373999 0.836734444444444 0.470158
0.249999947988977 -0.132653333333333 0.936133
-0.350000818452249 -0.591836666666667 0.322358
0.500001169217498 0.377551111111111 0.260625
0.200000149377113 -0.693877777777778 0.465392
-0.999999155336135 0.22449 -0.27187
0.650001519982748 -0.693877777777778 0.782953
-0.249999947988977 -0.336734444444444 0.33033
0.200000149377113 0.0714285555555556 0.42772
-0.550001286139248 0.632653333333333 0.843063
-0.400000935373999 0.989795555555556 0.441693
0.949999038414385 -0.183673333333333 -0.312348
0.749998570727386 -0.94898 0.418449
-0.400000935373999 -0.489795555555556 0.302997
-0.200000149377113 -0.0306122222222222 0.479919
-0.249999947988977 -0.0816326666666667 0.358476
0.0999999155336135 0.938775555555556 0.276712
0.500001169217498 -0.183673333333333 0.220103
0.550001286139248 0.0714285555555556 0.141962
0.699998453805636 0.122448888888889 0.0596836
-0.999999155336135 -0.744897777777778 0.539234
-0.999999155336135 0.122448888888889 -0.393345
-0.899998921492635 -0.795918888888889 0.484168
-0.600001403060998 0.581632222222222 0.806714
-0.849998804570886 -0.897958888888889 0.462254
0.600001403060998 0.0204081111111111 0.091516
0.949999038414385 0.785714444444444 0.513492
-0.400000935373999 -0.183673333333333 0.250632
0.200000149377113 -0.387755555555556 0.867502
0.650001519982748 -0.183673333333333 0.0221676
8.83488187696282e-17 -0.234693333333333 0.567419
-0.350000818452249 -0.489795555555556 0.312216
0.799998687649136 -0.387755555555556 0.234464
-0.899998921492635 0.326531111111111 -0.0785736
0.999999155336135 0.173468888888889 -0.336896
0.0500001169217498 0.581632222222222 0.399229
0.550001286139248 0.479592222222222 0.286154
0.400000935373999 0.326531111111111 0.274517
0.300000064910727 -0.438775555555556 0.953655
0.450001052295749 -0.642856666666667 0.754355
0.200000149377113 0.734693333333333 0.349479
0.249999947988977 0.173468888888889 0.333585
0.600001403060998 0.0714285555555556 0.107719
0.899998921492635 -0.132653333333333 -0.335091
0.0500001169217498 0.173468888888889 0.56681
-0.550001286139248 -0.846938888888889 0.345314
-0.200000149377113 0.377551111111111 0.911877
0.849998804570886 -0.0816326666666667 -0.345381
0.999999155336135 0.377551111111111 0.187088
0.849998804570886 -0.387755555555556 0.183337
-0.0500001169217498 0.22449 0.896917
-0.350000818452249 0.326531111111111 0.927038
-0.550001286139248 0.22449 0.190645
-0.799998687649136 0.0714285555555556 -0.229061
-0.249999947988977 0.122448888888889 0.929918
0.0999999155336135 -0.591836666666667 0.453137
0.249999947988977 0.122448888888889 0.343512
0.849998804570886 -0.489795555555556 0.517605
-0.500001169217498 -0.591836666666667 0.31351
0.400000935373999 0.122448888888889 0.243243
0.150000032455363 -0.540816666666667 0.487137
-0.999999155336135 0.938775555555556 0.493291
0.450001052295749 0.632653333333333 0.31936
-0.350000818452249 -0.0816326666666667 0.272406
-0.849998804570886 0.887755555555556 0.594996
-0.749998570727386 -0.693877777777778 0.388179
-0.500001169217498 -0.336734444444444 0.248271
0.999999155336135 -0.540816666666667 0.445064
-0.450001052295749 0.734693333333333 0.520492
-0.200000149377113 0.581632222222222 0.495672
-0.550001286139248 -0.897958888888889 0.333667
-0.799998687649136 -0.693877777777778 0.409635
0.0999999155336135 0.428571111111111 0.392224
-0.699998453805636 -0.336734444444444 0.2077
-0.949999038414385 0.173468888888889 -0.323585
0.650001519982748 -0.540816666666667 0.754694
-0.0999999155336135 -0.744897777777778 0.37332
0.0999999155336135 -0.183673333333333 0.996471
-0.300000064910727 0.632653333333333 0.517602
-0.600001403060998 0.22449 0.113001
-0.799998687649136 -0.846938888888889 0.434611
0.749998570727386 -0.183673333333333 -0.0980648
-0.300000064910727 -0.438775555555556 0.319376
-0.550001286139248 -0.0816326666666667 0.144764
0.0500001169217498 0.428571111111111 0.416081
-0.749998570727386 0.377551111111111 0.259105
-0.550001286139248 0.683673333333333 0.821681
-0.350000818452249 0.734693333333333 0.491578
0.0999999155336135 0.836734444444444 0.361705
0.300000064910727 0.27551 0.306378
-0.150000032455363 -1 0.261122
0.849998804570886 0.326531111111111 0.169036
0.500001169217498 -0.387755555555556 0.826548
-0.0500001169217498 0.428571111111111 0.471207
-0.849998804570886 -0.591836666666667 0.394008
-0.949999038414385 -0.0816326666666667 -0.42362
0.550001286139248 -0.744897777777778 0.645554
-0.550001286139248 -0.642856666666667 0.326151
-0.249999947988977 0.530612222222222 0.557648
0.600001403060998 -0.540816666666667 0.797481
0.999999155336135 -0.0816326666666667 -0.436533
-0.999999155336135 -0.183673333333333 -0.324836
-0.0999999155336135 -0.642856666666667 0.378656
-0.350000818452249 0.530612222222222 0.864503
-0.450001052295749 0.173468888888889 0.294877
0.350000818452249 0.989795555555556 0.229317
-0.699998453805636 0.173468888888889 -0.0378724
-0.799998687649136 0.887755555555556 0.569474
-0.749998570727386 0.836734444444444 0.665329
-0.899998921492635 -0.183673333333333 -0.259602
-0.699998453805636 0.428571111111111 0.60791
0.450001052295749 0.27551 0.246807
0.699998453805636 0.326531111111111 0.200877
-0.699998453805636 0.938775555555556 0.426867
0.300000064910727 -0.591836666666667 0.544921
0.450001052295749 0.785714444444444 0.330046
-0.500001169217498 -0.387755555555556 0.263644
-0.550001286139248 0.989795555555556 0.434555
-0.849998804570886 0.938775555555556 0.463431
0.350000818452249 0.734693333333333 0.328575
-0.350000818452249 0.632653333333333 0.547796
0.0500001169217498 -0.744897777777778 0.415956
0.650001519982748 0.173468888888889 0.122811
0.300000064910727 -0.387755555555556 0.956422
0.600001403060998 -0.642856666666667 0.813301
-0.450001052295749 0.887755555555556 0.460624
8.83488187696282e-17 0.530612222222222 0.423843
0.150000032455363 -0.285714444444444 0.988992
-0.999999155336135 -1 0.356522
-0.200000149377113 -0.897958888888889 0.280337
0.0500001169217498 0.0714285555555556 0.991731
0.699998453805636 0.530612222222222 0.316408
0.150000032455363 -0.132653333333333 0.987235
0.450001052295749 0.836734444444444 0.330648
0.450001052295749 -0.0816326666666667 0.211822
0.899998921492635 -0.438775555555556 0.393826
-0.699998453805636 -0.0306122222222222 0.00723578
-0.799998687649136 -0.0816326666666667 -0.148521
0.999999155336135 0.22449 -0.27187
-0.500001169217498 -0.132653333333333 0.188412
0.550001286139248 -0.234693333333333 0.206461
0.799998687649136 -0.489795555555556 0.568041
0.400000935373999 -0.0306122222222222 0.247221
0.550001286139248 -0.540816666666667 0.835639
0.849998804570886 -0.795918888888889 0.650429
-0.849998804570886 0.0714285555555556 -0.362482
0.550001286139248 0.734693333333333 0.339088
-0.300000064910727 -0.336734444444444 0.310798
-0.500001169217498 0.836734444444444 0.475609
-0.249999947988977 -0.132653333333333 0.340884
0.949999038414385 -0.795918888888889 0.581224
-0.600001403060998 0.632653333333333 0.812748
0.300000064910727 0.887755555555556 0.285942
-0.699998453805636 0.632653333333333 0.740571
0.350000818452249 0.530612222222222 0.316714
0.150000032455363 0.632653333333333 0.364349
0.600001403060998 0.173468888888889 0.149132
-0.300000064910727 0.22449 0.933439
0.600001403060998 0.785714444444444 0.354225
-0.949999038414385 -0.234693333333333 -0.23263
0.799998687649136 0.887755555555556 0.43631
-0.799998687649136 0.326531111111111 -0.00415865
0.699998453805636 -0.540816666666667 0.708399
-0.400000935373999 -0.438775555555556 0.294636
0.699998453805636 -0.94898 0.421715
0.249999947988977 -0.94898 0.426346
0.450001052295749 0.683673333333333 0.324638
0.450001052295749 0.428571111111111 0.283082
0.899998921492635 0.377551111111111 0.23022
-0.550001286139248 0.326531111111111 0.620809
0.799998687649136 0.0714285555555556 -0.15994
-0.849998804570886 0.581632222222222 0.591947
-0.450001052295749 0.479592222222222 0.892132
0.999999155336135 -0.846938888888889 0.550975
0.600001403060998 0.632653333333333 0.33112
-0.0500001169217498 -0.489795555555556 0.408
0.0500001169217498 0.836734444444444 0.376362
-0.0500001169217498 0.173468888888889 0.998165
-0.849998804570886 0.785714444444444 0.650043
-0.799998687649136 -0.183673333333333 -0.000425711
0.150000032455363 -0.94898 0.37643
0.650001519982748 0.989795555555556 0.254788
-0.550001286139248 -0.94898 0.267378
0.999999155336135 -0.642856666666667 0.506249
8.83488187696282e-17 0.836734444444444 0.391601
-0.899998921492635 0.887755555555556 0.59478
-0.949999038414385 -0.132653333333333 -0.372462
-0.949999038414385 0.479592222222222 0.421661
0.500001169217498 0.27551 0.229339
-0.600001403060998 -0.336734444444444 0.225598
-0.350000818452249 -0.387755555555556 0.29944
0.949999038414385 -0.744897777777778 0.574035
0.450001052295749 0.173468888888889 0.223963
0.0500001169217498 -0.693877777777778 0.421476
-0.249999947988977 -0.489795555555556 0.336672
0.500001169217498 0.683673333333333 0.32727
0.550001286139248 0.22449 0.193149
0.0999999155336135 -0.489795555555556 0.478989
0.749998570727386 -0.744897777777778 0.71769
0.0500001169217498 0.22449 0.496276
-0.999999155336135 -0.591836666666667 0.479824
-0.749998570727386 -0.0306122222222222 -0.0629208
-0.749998570727386 0.530612222222222 0.653623
-0.799998687649136 -1 0.301061
0.400000935373999 -0.387755555555556 0.908348
-0.999999155336135 0.0714285555555556 -0.447189
-0.999999155336135 0.27551 -0.187212
-0.200000149377113 0.0204081111111111 0.664659
-0.550001286139248 0.0714285555555556 0.117289
-0.0999999155336135 0.683673333333333 0.438126
-0.0999999155336135 -0.438775555555556 0.391298
0.600001403060998 0.326531111111111 0.220866
0.699998453805636 0.27551 0.165773
0.350000818452249 0.0204081111111111 0.281318
-0.500001169217498 -1 0.228925
0.699998453805636 0.479592222222222 0.292278
0.999999155336135 0.938775555555556 0.493291
-0.749998570727386 0.683673333333333 0.711825
-0.949999038414385 -0.846938888888889 0.519222
-0.500001169217498 0.122448888888889 0.171835
-0.600001403060998 0.0204081111111111 0.0813935
0.350000818452249 -0.591836666666667 0.621764
0.0999999155336135 0.581632222222222 0.381891
-0.400000935373999 -0.387755555555556 0.285661
0.200000149377113 0.581632222222222 0.351558
-0.749998570727386 -0.438775555555556 0.274316
0.849998804570886 0.0714285555555556 -0.31163
0.0500001169217498 -0.846938888888889 0.403985
0.400000935373999 -0.795918888888889 0.480819
0.200000149377113 0.989795555555556 0.250745
0.899998921492635 0.122448888888889 -0.34414
0.849998804570886 0.428571111111111 0.280902
-0.749998570727386 -0.285714444444444 0.157926
0.350000818452249 -0.744897777777778 0.48832
0.150000032455363 0.530612222222222 0.367218
-0.949999038414385 -0.744897777777778 0.506195
0.450001052295749 -0.183673333333333 0.313108
0.0500001169217498 -0.336734444444444 0.520704
-0.699998453805636 -0.540816666666667 0.32081
-0.450001052295749 0.989795555555556 0.442291
-0.0500001169217498 0.122448888888889 0.999277
-0.799998687649136 0.683673333333333 0.673445
-0.350000818452249 0.683673333333333 0.511961
0.300000064910727 -0.540816666666667 0.631834
0.0999999155336135 0.734693333333333 0.373838
-0.949999038414385 0.785714444444444 0.580193
0.350000818452249 0.0714285555555556 0.272938
-0.200000149377113 0.530612222222222 0.518166
-0.200000149377113 -0.744897777777778 0.349277
-0.999999155336135 -0.642856666666667 0.506249
-0.600001403060998 -0.795918888888889 0.354988
-0.0500001169217498 -0.234693333333333 0.487487
-0.0500001169217498 -0.438775555555556 0.414535
-0.500001169217498 0.0204081111111111 0.16219
0.899998921492635 0.173468888888889 -0.276402
-0.650001519982748 -0.693877777777778 0.354882
0.450001052295749 -0.132653333333333 0.24416
-0.749998570727386 0.0204081111111111 -0.0883939
0.249999947988977 0.530612222222222 0.338183
0.550001286139248 -0.336734444444444 0.671837
0.150000032455363 -0.744897777777778 0.443458
0.300000064910727 0.22449 0.303695
-0.150000032455363 -0.642856666666667 0.364026
-0.200000149377113 -0.693877777777778 0.350246
0.999999155336135 -0.132653333333333 -0.382386
0.949999038414385 -0.438775555555556 0.363721
0.500001169217498 0.173468888888889 0.199126
-0.350000818452249 -0.846938888888889 0.32331
0.300000064910727 0.581632222222222 0.329552
-0.749998570727386 -0.132653333333333 0.0186578
-0.749998570727386 0.632653333333333 0.700344
0.999999155336135 -0.285714444444444 -0.165571
0.150000032455363 -0.489795555555556 0.508001
-0.600001403060998 -0.846938888888889 0.357369
0.0999999155336135 0.632653333333333 0.379192
0.600001403060998 0.887755555555556 0.355892
0.899998921492635 -0.795918888888889 0.615802
0.949999038414385 0.632653333333333 0.468511
0.350000818452249 0.887755555555556 0.290238
0.699998453805636 -0.693877777777778 0.749453
0.799998687649136 -0.132653333333333 -0.193606
-0.650001519982748 0.22449 0.0449381
-0.500001169217498 -0.0816326666666667 0.176844
0.300000064910727 -0.642856666666667 0.51256
8.83488187696282e-17 0.632653333333333 0.411901
-0.450001052295749 -0.642856666666667 0.320558
0.899998921492635 0.530612222222222 0.380855
0.200000149377113 0.428571111111111 0.351068
-0.500001169217498 0.530612222222222 0.867522
-0.0999999155336135 -0.693877777777778 0.375961
-0.249999947988977 -0.540816666666667 0.338511
0.150000032455363 0.173468888888889 0.417006
0.300000064910727 -0.489795555555556 0.848932
-0.400000935373999 0.0714285555555556 0.266115
-0.699998453805636 -0.438775555555556 0.270508
-0.450001052295749 -0.94898 0.234345
0.0999999155336135 -0.132653333333333 0.995915
0.150000032455363 -0.387755555555556 0.618638
-0.600001403060998 0.377551111111111 0.674753
0.300000064910727 -0.183673333333333 0.915935
0.249999947988977 -0.183673333333333 0.954323
-0.600001403060998 -0.183673333333333 0.153734
0.650001519982748 0.938775555555556 0.334802
-0.400000935373999 0.887755555555556 0.45935
0.300000064910727 0.326531111111111 0.309997
0.650001519982748 -0.795918888888889 0.671613
0.849998804570886 -1 0.371401
-0.849998804570886 0.989795555555556 0.379553
-0.150000032455363 0.734693333333333 0.444952
0.899998921492635 0.887755555555556 0.490297
-0.0500001169217498 0.377551111111111 0.493434
0.400000935373999 0.27551 0.265361
-0.0999999155336135 -0.336734444444444 0.40441
-0.350000818452249 0.989795555555556 0.434802
-0.0500001169217498 -0.0816326666666667 0.98878
0.999999155336135 0.479592222222222 0.389235
0.500001169217498 0.479592222222222 0.288912
-0.450001052295749 -0.132653333333333 0.216231
-0.300000064910727 -0.642856666666667 0.331858
0.300000064910727 0.122448888888889 0.304525
0.450001052295749 0.938775555555556 0.245254
0.400000935373999 0.377551111111111 0.283818
0.350000818452249 -0.693877777777778 0.507172
-0.849998804570886 0.377551111111111 0.124806
8.83488187696282e-17 -0.387755555555556 0.453461
-0.899998921492635 -0.438775555555556 0.302565
-0.799998687649136 -0.642856666666667 0.393465
-0.300000064910727 0.27551 0.945746
-0.350000818452249 0.0714285555555556 0.338232
-0.999999155336135 0.581632222222222 0.473597
-0.350000818452249 -0.0306122222222222 0.278736
-0.249999947988977 -0.693877777777778 0.340221
-0.699998453805636 -0.183673333333333 0.101004
-0.699998453805636 0.122448888888889 -0.0367054
0.0999999155336135 0.0714285555555556 0.837601
0.600001403060998 -0.693877777777778 0.811829
0.0999999155336135 -0.795918888888889 0.424096
-0.400000935373999 -1 0.22656
-0.150000032455363 0.479592222222222 0.513312
-0.350000818452249 0.0204081111111111 0.297771
-0.500001169217498 0.27551 0.5251
-0.799998687649136 -0.744897777777778 0.421607
0.450001052295749 -0.285714444444444 0.798959
0.0500001169217498 -0.0306122222222222 0.998711
0.300000064910727 -0.336734444444444 0.953676
-0.400000935373999 0.428571111111111 0.91468
0.749998570727386 0.683673333333333 0.385562
0.500001169217498 -0.132653333333333 0.176867
0.150000032455363 0.989795555555556 0.261377
0.650001519982748 0.734693333333333 0.361891
-0.350000818452249 -0.234693333333333 0.280675
-0.949999038414385 -0.642856666666667 0.47312
-0.0500001169217498 0.887755555555556 0.38243
0.0500001169217498 -0.795918888888889 0.410841
-0.200000149377113 0.479592222222222 0.556092
-0.0500001169217498 0.836734444444444 0.406191
8.83488187696282e-17 -0.0306122222222222 0.999983
0.949999038414385 -0.285714444444444 -0.173861
0.600001403060998 -0.489795555555556 0.779138
0.450001052295749 0.326531111111111 0.259112
-0.150000032455363 -0.94898 0.262919
0.749998570727386 -0.693877777777778 0.713363
-0.699998453805636 0.887755555555556 0.480986
0.0500001169217498 0.734693333333333 0.387805
0.749998570727386 -0.591836666666667 0.686008
0.949999038414385 -0.132653333333333 -0.369117
0.749998570727386 0.428571111111111 0.267579
-0.0999999155336135 0.0714285555555556 0.994097
0.799998687649136 0.0204081111111111 -0.204097
8.83488187696282e-17 -0.897958888888889 0.348826
-0.500001169217498 0.683673333333333 0.742385
0.350000818452249 -0.540816666666667 0.826577
-0.999999155336135 -0.285714444444444 -0.165571
0.350000818452249 -0.438775555555556 0.938971
-0.200000149377113 -0.540816666666667 0.351602
-0.300000064910727 0.326531111111111 0.952738
0.849998804570886 0.734693333333333 0.444872
-0.500001169217498 -0.642856666666667 0.321922
0.600001403060998 0.581632222222222 0.318478
0.400000935373999 0.632653333333333 0.321014
0.550001286139248 0.581632222222222 0.313636
0.650001519982748 -0.846938888888889 0.520167
-0.999999155336135 0.428571111111111 0.323627
-0.749998570727386 -0.94898 0.373457
-0.249999947988977 -0.591836666666667 0.33974
-0.949999038414385 0.530612222222222 0.472125
0.350000818452249 0.122448888888889 0.272649
0.650001519982748 -1 0.416216
0.500001169217498 0.989795555555556 0.228915
0.0500001169217498 -0.438775555555556 0.46773
0.550001286139248 0.122448888888889 0.157036
-0.0999999155336135 -0.591836666666667 0.381343
-0.150000032455363 -0.0306122222222222 0.681258
0.600001403060998 0.836734444444444 0.357077
0.650001519982748 -0.285714444444444 0.122462
-0.400000935373999 0.122448888888889 0.313827
-0.550001286139248 0.122448888888889 0.117555
0.999999155336135 0.785714444444444 0.546139
8.83488187696282e-17 -0.846938888888889 0.388158
-0.450001052295749 -0.897958888888889 0.300239
-0.899998921492635 -0.744897777777778 0.475367
-0.200000149377113 0.938775555555556 0.412608
0.949999038414385 -0.234693333333333 -0.251622
-0.849998804570886 0.530612222222222 0.556477
-0.0500001169217498 -0.94898 0.288854
0.600001403060998 0.428571111111111 0.265853
-0.650001519982748 0.989795555555556 0.418379
0.200000149377113 -0.897958888888889 0.432591
0.650001519982748 -0.642856666666667 0.779669
0.999999155336135 -1 0.356522
0.600001403060998 0.989795555555556 0.242534
-0.450001052295749 0.581632222222222 0.891066
-0.699998453805636 -0.387755555555556 0.24046
0.899998921492635 0.683673333333333 0.458597
0.300000064910727 0.683673333333333 0.33259
0.749998570727386 -0.438775555555556 0.555195
0.400000935373999 0.887755555555556 0.298844
-0.300000064910727 -0.846938888888889 0.32318
-0.300000064910727 0.122448888888889 0.703864
0.350000818452249 0.479592222222222 0.31102
-0.899998921492635 -0.94898 0.445198
-0.799998687649136 -0.438775555555556 0.280721
-0.799998687649136 -0.234693333333333 0.0758684
0.350000818452249 0.836734444444444 0.326619
-0.300000064910727 -0.897958888888889 0.273289
0.799998687649136 -0.795918888888889 0.684384
-0.450001052295749 0.428571111111111 0.883591
8.83488187696282e-17 -0.693877777777778 0.406015
0.799998687649136 -0.0816326666666667 -0.224812
-0.949999038414385 0.0714285555555556 -0.445791
0.350000818452249 -0.0816326666666667 0.350292
0.200000149377113 0.27551 0.354531
-0.949999038414385 -0.489795555555556 0.372192
-0.150000032455363 0.173468888888889 0.989423
0.899998921492635 -0.897958888888889 0.579704
0.650001519982748 -0.336734444444444 0.283026
-0.249999947988977 0.326531111111111 0.970666
-0.0500001169217498 -0.132653333333333 0.769794
0.300000064910727 0.989795555555556 0.234444
-0.999999155336135 -0.387755555555556 0.225497
0.799998687649136 0.836734444444444 0.433899
0.300000064910727 -0.0306122222222222 0.375535
-0.999999155336135 0.989795555555556 0.37604
0.200000149377113 -0.285714444444444 0.982447
0.949999038414385 -1 0.36083
-0.949999038414385 -0.387755555555556 0.242692
-0.500001169217498 0.0714285555555556 0.1603
0.0500001169217498 -0.94898 0.323416
8.83488187696282e-17 0.581632222222222 0.417424
0.849998804570886 0.377551111111111 0.230651
0.849998804570886 -0.94898 0.440061
-0.300000064910727 -0.0306122222222222 0.328809
-0.150000032455363 0.0714285555555556 0.980576
-0.300000064910727 -0.94898 0.23506
-0.350000818452249 -0.540816666666667 0.317756
-0.749998570727386 0.27551 -0.0309055
0.249999947988977 -0.642856666666667 0.493943
0.849998804570886 0.887755555555556 0.462252
0.550001286139248 0.326531111111111 0.232416
0.0999999155336135 -0.744897777777778 0.430062
-0.650001519982748 -0.642856666666667 0.343583
-0.999999155336135 0.887755555555556 0.5497
0.400000935373999 0.0714285555555556 0.239405
0.999999155336135 0.0714285555555556 -0.447189
-0.749998570727386 -0.744897777777778 0.399102
-0.450001052295749 0.530612222222222 0.895653
-0.150000032455363 0.377551111111111 0.651372
-0.500001169217498 0.887755555555556 0.460094
0.749998570727386 0.938775555555556 0.387855
-0.450001052295749 -0.744897777777778 0.32866
-0.500001169217498 0.173468888888889 0.208652
-0.500001169217498 -0.183673333333333 0.201963
0.200000149377113 0.479592222222222 0.351352
0.799998687649136 0.22449 0.0615226
0.200000149377113 -0.846938888888889 0.440834
-0.600001403060998 0.989795555555556 0.427434
0.249999947988977 0.887755555555556 0.286596
-0.400000935373999 -0.0306122222222222 0.238297
0.350000818452249 -1 0.429478
0.650001519982748 0.887755555555556 0.372898
-0.450001052295749 0.836734444444444 0.473277
-0.400000935373999 0.938775555555556 0.450553
-0.899998921492635 -0.234693333333333 -0.148834
-0.350000818452249 -0.183673333333333 0.27604
