# 194 data
# 2 attributes

0 1 1
0 -1 -1
0.227065823127559 0.959918461538461 1
-0.227065823127559 -0.959918461538461 -1
0.435860047641176 0.884847692307692 1
-0.435860047641176 -0.884847692307692 -1
0.619115747567629 0.779155384615385 1
-0.619115747567629 -0.779155384615385 -1
0.770853991869532 0.648212307692308 1
-0.770853991869532 -0.648212307692308 -1
0.963387280318193 0.33556 1
-0.963387280318193 -0.33556 -1
1 0.167266153846154 1
-1 -0.167266153846154 -1
0.996763546816055 0 1
-0.996763546816055 0 -1
0.955560515637063 -0.159832307692308 1
-0.955560515637063 0.159832307692308 -1
0.879662120873934 -0.306398461538462 1
-0.879662120873934 0.306398461538462 -1
0.773547072189921 -0.434633846153846 1
-0.773547072189921 0.434633846153846 -1
0.642667393603202 -0.54042 1
-0.642667393603202 0.54042 -1
0.493197776745105 -0.620687692307692 1
-0.331759320582671 0.673507692307692 -1
0.165134123449924 -0.698103076923077 1
-0.165134123449924 0.698103076923077 -1
0 -0.694833846153846 1
0 0.694833846153846 -1
-0.157332972304450 -0.665127692307692 1
0.157332972304450 0.665127692307692 -1
-0.426545868353745 -0.536807692307692 1
0.426545868353745 0.536807692307692 -1
-0.529541554302525 -0.445292307692308 1
0.529541554302525 0.445292307692308 -1
-0.607236555638088 -0.341189230769231 1
0.607236555638088 0.341189230769231 -1
-0.657858049785395 -0.22914 1
0.657858049785395 0.22914 -1
0.680773016506094 0.113869230769231 -1
-0.676464453901124 0 1
0.676464453901124 0 -1
-0.646454537803749 0.108129230769231 1
0.646454537803749 -0.108129230769231 -1
-0.593198508560409 0.206618461538462 1
0.593198508560409 -0.206618461538462 -1
0.519938307969835 -0.29214 -1
-0.430536091301277 0.362038461538462 1
0.430536091301277 -0.362038461538462 -1
-0.329289443930141 0.414410769230769 1
0.329289443930141 -0.414410769230769 -1
-0.220742938897081 0.448135384615385 1
0.220742938897081 -0.448135384615385 -1
-0.109492376314066 0.462881538461538 1
0.109492376314066 -0.462881538461538 -1
0 0.459078461538462 1
0.103575649577560 0.437866153846154 1
-0.103575649577560 -0.437866153846154 -1
0.197527927901556 0.401004615384615 1
0.27872649500719 0.350776923076923 1
-0.27872649500719 -0.350776923076923 -1
0.344710621933236 0.289867692307692 1
-0.344710621933236 -0.289867692307692 -1
0.393756883637707 0.221241538461538 1
0.424899283918725 0.147998461538462 1
-0.424899283918725 -0.147998461538462 -1
0.437934744029302 0.0732507692307692 1
-0.437934744029302 -0.0732507692307692 -1
0.43338102329734 0 1
-0.43338102329734 0 -1
0.412429151130838 -0.0689846153846154 1
-0.412429151130838 0.0689846153846154 -1
0.376846461490049 -0.13126 1
-0.376846461490049 0.13126 -1
0.328875968283125 -0.184786153846154 1
-0.328875968283125 0.184786153846154 -1
0.271124763532180 -0.227989230769231 1
-0.271124763532180 0.227989230769231 -1
0.206434120156755 -0.259796923076923 1
0.137751424295536 -0.279649230769231 1
0.0680075962428602 -0.2875 1
-0.0680075962428602 0.2875 -1
0 -0.283778461538462 1
0 0.283778461538462 -1
-0.0637136699439795 -0.269347692307692 1
0.0637136699439795 0.269347692307692 -1
-0.120903206448756 -0.245447692307692 1
0.120903206448756 0.245447692307692 -1
-0.169739071253197 -0.213615384615385 1
-0.208834474355362 -0.175609230769231 1
0.208834474355362 0.175609230769231 -1
-0.237287453392513 -0.133324615384615 1
0.237287453392513 0.133324615384615 -1
-0.254671725949805 -0.0887061538461539 1
0.254671725949805 0.0887061538461539 -1
-0.261036689560289 -0.0436630769230769 1
0.261036689560289 0.0436630769230769 -1
-0.256867171863165 0 1
0.256867171863165 0 -1
-0.220763063817954 0.0768953846153846 1
0.220763063817954 -0.0768953846153846 -1
-0.191501428869382 0.1076 1
0.191501428869382 -0.1076 -1
-0.156901201274822 0.131938461538462 1
-0.118711419611918 0.149396923076923 1
0.118711419611918 -0.149396923076923 -1
-0.0787030769174476 0.159776923076923 1
0.0787030769174476 -0.159776923076923 -1
-0.0385995982333979 0.163178461538462 1
0.0385995982333979 -0.163178461538462 -1
0 0.159976923076923 1
0 -0.159976923076923 -1
0.0356686779390617 0.150790769230769 1
-0.0356686779390617 -0.150790769230769 -1
0.0672062584844837 0.136435384615385 1
-0.0672062584844837 -0.136435384615385 -1
0.0936650408169986 0.117876923076923 1
0.114380902547815 0.096183076923077 1
-0.114380902547815 -0.096183076923077 -1
-0.128971470180356 -0.0724646153846154 -1
0.137334289571998 0.0478353846153846 1
-0.137334289571998 -0.0478353846153846 -1
0.139634019166243 0.0233553846153846 1
-0.139634019166243 -0.0233553846153846 -1
-0.136269498304018 0 -1
0.127840815534975 -0.0213830769230769 1
0.115110888314007 -0.0400953846153846 1
-0.115110888314007 0.0400953846153846 -1
0.0989597245447194 -0.0556030769230769 1
-0.0989597245447194 0.0556030769230769 -1
0.0803331955081177 -0.0675523076923077 1
-0.0803331955081177 0.0675523076923077 -1
0.0602046155591252 -0.0757676923076923 1
-0.0602046155591252 0.0757676923076923 -1
0.0395271741317926 -0.080243076923077 1
-0.0395271741317926 0.080243076923077 -1
0.0191900268210309 -0.0811292307692308 1
-0.0191900268210309 0.0811292307692308 -1
0 0.0787169230769231 -1
-0.0173641476364195 -0.0734076923076923 1
0.0173641476364195 0.0734076923076923 -1
-0.0323590432246710 -0.0656923076923077 1
-0.0445895065003494 -0.0561153846153846 1
0.0445895065003494 0.0561153846153846 -1
-0.0538176974895076 -0.0452553846153846 1
0.0538176974895076 0.0452553846153846 -1
-0.0599521392790887 -0.0336861538461538 1
0.0599521392790887 0.0336861538461538 -1
0.0632800693760909 0.0105846153846154 -1
-0.0609364308635786 0 1
0.0609364308635786 0 -1
0.0563845396698781 -0.00943076923076923 -1
0.0500488486715723 -0.0174323076923077 -1
-0.0423940605869891 0.02382 1
0.0423940605869891 -0.02382 -1
-0.0338903667492398 0.0284984615384615 1
-0.0249969812618691 0.03146 1
0.0249969812618691 -0.03146 -1
-0.0161438456162434 0.0327723076923077 1
0.0161438456162434 -0.0327723076923077 -1
-0.00770418561763382 0.0325707692307692 1
0.00770418561763382 -0.0325707692307692 -1
0 0.0310430769230769 1
0 -0.0310430769230769 -1
0.886581434577541 0.498146153846154 1
-0.886581434577541 -0.498146153846154 -1
-0.493197776745105 0.620687692307692 -1
0.331759320582671 -0.673507692307692 1
-0.301154804550428 -0.61138 1
0.301154804550428 0.61138 -1
-0.680773016506094 -0.113869230769231 1
-0.519938307969835 0.29214 1
0 -0.459078461538462 -1
-0.197527927901556 -0.401004615384615 -1
-0.393756883637707 -0.221241538461538 -1
-0.206434120156755 0.259796923076923 -1
-0.137751424295536 0.279649230769231 -1
0.169739071253197 0.213615384615385 -1
-0.243041351223778 0.0406523076923077 1
0.243041351223778 -0.0406523076923077 -1
0.156901201274822 -0.131938461538462 -1
-0.0936650408169986 -0.117876923076923 -1
0.128971470180356 0.0724646153846154 1
0.136269498304018 0 1
-0.127840815534975 0.0213830769230769 -1
0 -0.0787169230769231 1
0.0323590432246710 0.0656923076923077 -1
-0.0630477180169269 -0.02196 1
0.0630477180169269 0.02196 -1
-0.0632800693760909 -0.0105846153846154 1
-0.0563845396698781 0.00943076923076923 1
-0.0500488486715723 0.0174323076923077 1
0.0338903667492398 -0.0284984615384615 -1
