# 189 data
# 1 attributes

-0.942477796076938 3.89804309105148e-17
-0.932477796076938 0.0107062513517041
-0.922477796076938 0.0215364891859675
-0.912477796076938 0.0323865641368903
-0.902477796076938 0.0431499083967992
-0.892477796076938 0.0537184836095209
-0.882477796076938 0.0639837598073468
-0.872477796076938 0.0738377171470025
-0.862477796076938 0.083173861885197
-0.852477796076938 0.0918882477915926
-0.842477796076938 0.0998804940291923
-0.832477796076938 0.107054790441410
-0.822477796076938 0.113320881173069
-0.812477796076938 0.118595017620143
-0.802477796076938 0.122800871850413
-0.792477796076938 0.125870401863879
-0.782477796076938 0.127744660366468
-0.772477796076938 0.128374539111503
-0.762477796076938 0.12772144131787
-0.752477796076938 0.125757875198574
-0.742477796076938 0.122467962224618
-0.732477796076938 0.117847854402156
-0.722477796076938 0.111906055550736
-0.712477796076938 0.104663642331416
-0.702477796076938 0.096154381579510
-0.692477796076938 0.0864247413410874
-0.682477796076938 0.0755337938881971
-0.672477796076938 0.0635530098877693
-0.662477796076938 0.0505659438157229
-0.652477796076938 0.0366678116332054
-0.642477796076938 0.0219649626682145
-0.632477796076938 0.00657424856511998
-0.622477796076938 -0.0093777069311506
-0.612477796076938 -0.0257553327081646
-0.602477796076938 -0.042415024037533
-0.592477796076938 -0.0592061390337855
-0.582477796076938 -0.0759720707424873
-0.572477796076938 -0.0925513870650254
-0.562477796076938 -0.108779030071976
-0.552477796076938 -0.124487565666475
-0.542477796076938 -0.139508474039110
-0.532477796076938 -0.153673470911485
-0.522477796076938 -0.166815849201225
-0.512477796076938 -0.178771830460321
-0.502477796076938 -0.189381915244631
-0.492477796076938 -0.198492221467053
-0.482477796076938 -0.205955799772184
-0.472477796076938 -0.211633915046724
-0.462477796076938 -0.215397283347657
-0.452477796076938 -0.217127253788444
-0.442477796076938 -0.216716925270619
-0.432477796076938 -0.214072188381905
-0.422477796076938 -0.209112683299282
-0.412477796076938 -0.201772665132419
-0.402477796076938 -0.192001768815158
-0.392477796076938 -0.17976566639507
-0.382477796076938 -0.165046610377701
-0.372477796076938 -0.147843857646722
-0.362477796076938 -0.128173969396774
-0.352477796076938 -0.10607098347512
-0.342477796076938 -0.0815864565234923
-0.332477796076938 -0.054789374334622
-0.322477796076938 -0.0257659298805404
-0.312477796076938 0.00538083047673924
-0.302477796076938 0.0385314910258235
-0.292477796076938 0.0735508783823123
-0.282477796076938 0.110288797151520
-0.272477796076938 0.148580884918154
-0.262477796076938 0.188249580925990
-0.252477796076938 0.229105201873646
-0.242477796076938 0.270947117364234
-0.232477796076938 0.313565016714382
-0.222477796076938 0.356740258059139
-0.212477796076938 0.400247289990067
-0.202477796076938 0.443855135340437
-0.192477796076938 0.487328926189387
-0.182477796076938 0.530431478700775
-0.172477796076938 0.572924896046448
-0.162477796076938 0.614572187390926
-0.152477796076938 0.655138890737719
-0.142477796076938 0.694394687358252
-0.132477796076938 0.732114995543715
-0.122477796076938 0.768082531538065
-0.112477796076938 0.802088825726264
-0.102477796076938 0.833935682464002
-0.092477796076938 0.8634365723413
-0.082477796076938 0.890417946169468
-0.0724777960769378 0.9147204605648
-0.0624777960769379 0.93620010566869
-0.0524777960769379 0.954729226287125
-0.0424777960769379 0.970197428546684
-0.032477796076938 0.982512365042956
-0.0224777960769378 0.99160039239314
-0.0124777960769379 0.997407096090348
-0.0024777960769379 0.9998976785844
0.00752220392306207 0.999057207574584
0.0175222039230622 0.994890722585063
0.0275222039230622 0.987423198994697
0.0375222039230621 0.976699369800826
0.0475222039230621 0.962783406502078
0.0575222039230621 0.945758461579492
0.0675222039230622 0.925726076129146
0.0775222039230622 0.902805457244408
0.0875222039230621 0.877132630753254
0.0975222039230621 0.848859475877666
0.107522203923062 0.818152649290132
0.117522203923062 0.78519240688927
0.127522203923062 0.75017133239585
0.137522203923062 0.713292982575588
0.147522203923062 0.674770459520474
0.157522203923062 0.634824920961063
0.167522203923062 0.593684040033736
0.177522203923062 0.551580426286106
0.187522203923062 0.508750019967508
0.197522203923062 0.465430471818129
0.207522203923062 0.421859520638571
0.217522203923062 0.378273380891149
0.227522203923062 0.33490515245567
0.237522203923062 0.29198326443694
0.247522203923062 0.249729964601143
0.257522203923062 0.208359865606285
0.267522203923062 0.168078558691867
0.277522203923062 0.129081304909260
0.287522203923062 0.0915518133118646
0.297522203923062 0.0556611147889767
0.307522203923062 0.0215665394254892
0.317522203923062 -0.0105891955919045
0.327522203923062 -0.04067878141515
0.337522203923062 -0.0685909911735205
0.347522203923062 -0.0942312276570947
0.357522203923062 -0.117521941914707
0.367522203923062 -0.138402920678735
0.377522203923062 -0.156831441582675
0.387522203923062 -0.172782296193159
0.397522203923062 -0.186247681927157
0.407522203923062 -0.197236964958938
0.417522203923062 -0.205776317231458
0.427522203923062 -0.211908231664969
0.437522203923062 -0.215690920593839
0.447522203923062 -0.217197603353349
0.457522203923062 -0.216515689774360
0.467522203923062 -0.213745867118724
0.477522203923062 -0.20900109869596
0.487522203923062 -0.202405543036628
0.497522203923062 -0.194093403055155
0.507522203923062 -0.184207715110413
0.517522203923062 -0.172899088262796
0.527522203923062 -0.160324404329013
0.537522203923062 -0.146645489548585
0.547522203923062 -0.132027768797766
0.557522203923062 -0.116638913317048
0.567522203923062 -0.100647492857817
0.577522203923062 -0.0842216430034604
0.587522203923062 -0.0675277581819812
0.597522203923062 -0.0507292205637821
0.607522203923062 -0.0339851746330483
0.617522203923062 -0.0174493567380886
0.627522203923062 -0.00126898836983807
0.637522203923062 0.0144162587063044
0.647522203923062 0.0294752180261709
0.657522203923062 0.0437860980127074
0.667522203923062 0.0572372596654547
0.677522203923062 0.0697278972796755
0.687522203923062 0.0811686179882605
0.697522203923062 0.0914819168134087
0.707522203923062 0.100602544827911
0.717522203923062 0.108477768949678
0.727522203923062 0.115067522820001
0.737522203923062 0.120344449137981
0.747522203923062 0.124293834732700
0.757522203923062 0.126913440543480
0.767522203923062 0.128213229539388
0.777522203923062 0.128214996435040
0.787522203923062 0.126951903843804
0.797522203923062 0.124467930245412
0.807522203923062 0.120817235826882
0.817522203923062 0.116063452878085
0.827522203923062 0.110278907981547
0.837522203923062 0.103543783725792
0.847522203923062 0.095945228089305
0.857522203923062 0.0875764199849285
0.867522203923062 0.0785355997200417
0.877522203923062 0.0689250733146478
0.887522203923062 0.0588501997266098
0.897522203923062 0.0484183700606414
0.907522203923062 0.0377379877857674
0.917522203923062 0.0269174588561053
0.927522203923062 0.0160642004238809
0.937522203923062 0.00528367655412161
