"a" "b" "c" "d" "e" "f" "g" "h"
"1" -0.1254424 0.3297064 1 1 1 1 1 1
"2" 0.7837204 0.6366821 2 2 2 2 2 2
"3" 0.3045335 0.495294 3 3 3 3 3 3
"4" 0.266036 0.4980454 1 1 1 1 1 1
"5" 0.0057023 0.0147514 2 2 2 2 2 2
"6" -0.1648278 -0.333399 3 3 3 3 3 3
"7" 0.0656548 0.0692659 1 1 1 1 1 1
"8" -0.0319016 0.0003544 2 2 2 2 2 2
"9" 0.2767721 0.5067814 3 3 3 3 3 3
"10" 0.030625 -0.0183794 1 1 1 1 1 1
"11" 0.0817883 -0.011209 2 2 2 2 2 2
"12" 0.0032308 0.0023372 3 3 3 3 3 3
"13" 0.6477585 0.7095666 1 1 1 1 1 1
"14" 0.6896761 0.5869651 2 2 2 2 2 2
"15" -0.0522947 0.0710806 3 3 3 3 3 3
"16" 0.6981945 0.5886914 1 1 1 1 1 1
"17" 0.6810662 0.5242469 2 2 2 2 2 2
"18" 0.0591385 0.0896557 3 3 3 3 3 3
"19" -0.0037265 -0.0167029 1 1 1 1 1 1
"20" 0.4035347 0.4548497 2 2 2 2 2 2
"21" -0.0555407 -0.3311551 3 3 3 3 3 3
"22" -0.0187683 -0.0152155 1 1 1 1 1 1
"23" 0.6508883 0.6251478 2 2 2 2 2 2
"24" -0.1023165 0.3399491 3 3 3 3 3 3
"25" 0.0514903 -0.0019534 1 1 1 1 1 1
"26" -0.0993075 0.3375682 2 2 2 2 2 2
"27" -0.1389395 -0.3578524 3 3 3 3 3 3
"28" -0.0831755 0.29602 1 1 1 1 1 1
"29" -0.061384 0.2754661 2 2 2 2 2 2
"30" 0.7209056 0.6762478 3 3 3 3 3 3
"31" -0.1542122 -0.2366302 1 1 1 1 1 1
"32" 0.6583508 0.638698 2 2 2 2 2 2
"33" 0.2086647 0.5005626 3 3 3 3 3 3
"34" 0.7198883 0.7669215 1 1 1 1 1 1
"35" -0.068821 -0.2863879 2 2 2 2 2 2
"36" 0.0333737 -0.0525084 3 3 3 3 3 3
"37" 0.3122049 0.4323008 1 1 1 1 1 1
"38" -0.030695 -0.10809 2 2 2 2 2 2
"39" -0.0907617 -0.3257889 3 3 3 3 3 3
"40" 0.0092196 -0.0197458 1 1 1 1 1 1
"41" 0.3697301 0.5477696 2 2 2 2 2 2
"42" -0.042213 -0.2061284 3 3 3 3 3 3
"43" -0.0301287 0.3124703 1 1 1 1 1 1
"44" 0.7285529 0.5764546 2 2 2 2 2 2
"45" -0.0868326 0.300212 3 3 3 3 3 3
"46" 0.8074852 0.5814458 1 1 1 1 1 1
"47" -0.0898908 -0.3661424 2 2 2 2 2 2
"48" -0.0694332 -0.0191234 3 3 3 3 3 3
"49" -0.118319 -0.2837401 1 1 1 1 1 1
"50" -0.0071886 0.0090429 2 2 2 2 2 2
"51" -0.1472709 -0.3454614 3 3 3 3 3 3
"52" 0.6639447 0.6863391 1 1 1 1 1 1
"53" -0.0987884 -0.2406537 2 2 2 2 2 2
"54" -0.1500721 -0.2857007 3 3 3 3 3 3
"55" -0.1532954 -0.3050017 1 1 1 1 1 1
"56" -0.0602853 0.2802157 2 2 2 2 2 2
"57" 0.6772265 0.5844095 3 3 3 3 3 3
"58" -0.0903483 -0.3227557 1 1 1 1 1 1
"59" 0.2543761 0.4790585 2 2 2 2 2 2
"60" 0.7252405 0.7413182 3 3 3 3 3 3
"61" 0.7627511 0.6620255 1 1 1 1 1 1
"62" -0.0117161 0.375684 2 2 2 2 2 2
"63" -0.0528182 -0.0669551 3 3 3 3 3 3
"64" -0.1480596 -0.3009489 1 1 1 1 1 1
"65" 0.6792883 0.6440291 2 2 2 2 2 2
"66" -0.0652745 -0.3336862 3 3 3 3 3 3
"67" -0.0378861 0.0155624 1 1 1 1 1 1
"68" -0.0318396 -0.3680225 2 2 2 2 2 2
"69" 0.0424766 0.0500779 3 3 3 3 3 3
"70" 0.0305236 0.0160751 1 1 1 1 1 1
"71" 0.020625 -0.0541464 2 2 2 2 2 2
"72" -0.0906993 -0.2503993 3 3 3 3 3 3
"73" -0.0431285 -0.2693731 1 1 1 1 1 1
"74" -0.1170275 -0.3478511 2 2 2 2 2 2
"75" -0.1105598 -0.2567656 3 3 3 3 3 3
"76" 0.7025015 0.6199273 1 1 1 1 1 1
"77" -0.2029482 -0.2681475 2 2 2 2 2 2
"78" 0.2740671 0.4291319 3 3 3 3 3 3
"79" 0.3535116 0.4994787 1 1 1 1 1 1
"80" 0.0623101 -0.0105916 2 2 2 2 2 2
"81" -0.164289 0.366381 3 3 3 3 3 3
"82" 0.0026065 -0.2559419 1 1 1 1 1 1
"83" -0.1237696 0.3260525 2 2 2 2 2 2
"84" 0.3033037 0.5272898 3 3 3 3 3 3
"85" -0.0587698 0.200471 1 1 1 1 1 1
"86" -0.073546 0.0326663 2 2 2 2 2 2
"87" 0.298758 0.4935457 3 3 3 3 3 3
"88" 0.2632394 0.537629 1 1 1 1 1 1
"89" 0.2690837 0.4850398 2 2 2 2 2 2
"90" -0.0482465 -0.3331393 3 3 3 3 3 3
"91" 0.348766 0.4620745 1 1 1 1 1 1
"92" 0.6854402 0.6149086 2 2 2 2 2 2
"93" 0.2907751 0.4636099 3 3 3 3 3 3
"94" 0.3835551 0.4269598 1 1 1 1 1 1
"95" -0.1137919 -0.2814191 2 2 2 2 2 2
"96" -0.1061302 -0.4253233 3 3 3 3 3 3
"97" -0.1257324 0.3555175 1 1 1 1 1 1
"98" -0.1053794 0.3074662 2 2 2 2 2 2
"99" 0.6643427 0.5634385 3 3 3 3 3 3
"100" -0.0929261 0.3228759 1 1 1 1 1 1
"101" 0.3150192 0.5151069 2 2 2 2 2 2
"102" -0.2343183 0.2382094 3 3 3 3 3 3
"103" -0.0832631 -0.318211 1 1 1 1 1 1
"104" -0.01786 -0.0330921 2 2 2 2 2 2
"105" -0.0484035 -0.2984403 3 3 3 3 3 3
"106" 0.3193955 0.4793949 1 1 1 1 1 1
"107" 0.3501245 0.5457665 2 2 2 2 2 2
"108" 0.2571041 0.558299 3 3 3 3 3 3
"109" 0.1136184 -0.0263058 1 1 1 1 1 1
"110" 0.6807103 0.5812311 2 2 2 2 2 2
"111" -0.0589778 0.3477553 3 3 3 3 3 3
"112" 0.7086859 0.5726595 1 1 1 1 1 1
"113" -0.1167419 0.309501 2 2 2 2 2 2
"114" 0.6431719 0.6200388 3 3 3 3 3 3
"115" -0.1032762 0.0325652 1 1 1 1 1 1
"116" 0.2940735 0.4592149 2 2 2 2 2 2
"117" 0.2682248 0.4998976 3 3 3 3 3 3
"118" 0.0269149 0.0275056 1 1 1 1 1 1
"119" 0.7113893 0.5538713 2 2 2 2 2 2
"120" -0.083562 0.3525064 3 3 3 3 3 3
"121" 0.6813656 0.6586557 1 1 1 1 1 1
"122" 0.7823412 0.6189201 2 2 2 2 2 2
"123" -0.0690465 0.2853876 3 3 3 3 3 3
"124" 0.0408584 -0.0231867 1 1 1 1 1 1
"125" -0.0780939 0.3182544 2 2 2 2 2 2
"126" -0.1511504 -0.3469727 3 3 3 3 3 3
"127" 0.0655369 -0.0466617 1 1 1 1 1 1
"128" -0.1754266 -0.2662079 2 2 2 2 2 2
"129" 0.0431142 0.0454569 3 3 3 3 3 3
"130" -0.0303181 -0.3276041 1 1 1 1 1 1
"131" 0.7381147 0.586123 2 2 2 2 2 2
"132" -0.0942824 0.3107983 3 3 3 3 3 3
"133" 0.3128424 0.5022934 1 1 1 1 1 1
"134" -0.0909997 -0.2653998 2 2 2 2 2 2
"135" -0.0541123 0.4063747 3 3 3 3 3 3
"136" -0.1452945 -0.3503052 1 1 1 1 1 1
"137" 0.7611719 0.6406224 2 2 2 2 2 2
"138" 0.3280682 0.5020044 3 3 3 3 3 3
"139" 0.7420559 0.6156065 1 1 1 1 1 1
"140" 0.3174907 0.5193897 2 2 2 2 2 2
"141" 0.0002443 0.0009825 3 3 3 3 3 3
"142" -0.1059165 0.3054234 1 1 1 1 1 1
"143" 0.0703619 -0.0364481 2 2 2 2 2 2
"144" -0.0776154 0.0016308 3 3 3 3 3 3
"145" 0.5464239 0.5743995 1 1 1 1 1 1
"146" -0.050352 0.0105449 2 2 2 2 2 2
"147" -0.0154202 0.0440977 3 3 3 3 3 3
"148" -0.0904654 -0.3290262 1 1 1 1 1 1
"149" -0.1707606 -0.3565561 2 2 2 2 2 2
"150" -0.0565946 -0.0630373 3 3 3 3 3 3
"151" -0.1039992 -0.3556781 1 1 1 1 1 1
"152" -0.0455665 -0.2722439 2 2 2 2 2 2
"153" -0.0512828 -0.2627868 3 3 3 3 3 3
"154" -0.0115627 0.0341371 1 1 1 1 1 1
"155" -0.210911 0.1651288 2 2 2 2 2 2
"156" -0.0331801 0.2993659 3 3 3 3 3 3
"157" -0.0587957 -0.0718898 1 1 1 1 1 1
"158" 0.6924571 0.6121039 2 2 2 2 2 2
"159" 0.6938723 0.5914204 3 3 3 3 3 3
"160" -0.1383799 0.2961654 1 1 1 1 1 1
"161" 0.7506381 0.5713584 2 2 2 2 2 2
"162" -0.1211652 0.2550963 3 3 3 3 3 3
"163" -0.0578946 0.256244 1 1 1 1 1 1
"164" 0.7107455 0.6822114 2 2 2 2 2 2
"165" -0.0834867 0.3572472 3 3 3 3 3 3
"166" 0.0370178 0.0286521 1 1 1 1 1 1
"167" -0.0805278 -0.3731847 2 2 2 2 2 2
"168" -0.1139382 -0.1894073 3 3 3 3 3 3
"169" -0.0427522 -0.0056733 1 1 1 1 1 1
"170" -0.2170492 -0.2831649 2 2 2 2 2 2
"171" 0.2851834 0.5320329 3 3 3 3 3 3
"172" -0.0024301 -0.0833804 1 1 1 1 1 1
"173" -0.0492047 -0.3861725 2 2 2 2 2 2
"174" -0.0931727 -0.3162604 3 3 3 3 3 3
"175" -0.1474297 0.2860951 1 1 1 1 1 1
"176" 0.6643841 0.6763334 2 2 2 2 2 2
"177" 0.0334021 0.0381486 3 3 3 3 3 3
"178" -0.0026825 0.0408292 1 1 1 1 1 1
"179" -0.0886857 0.2651441 2 2 2 2 2 2
"180" -0.0806579 -0.3236633 3 3 3 3 3 3
"181" 0.0541674 -0.1147272 1 1 1 1 1 1
"182" -0.0734229 0.3544034 2 2 2 2 2 2
"183" -0.1206692 -0.3517602 3 3 3 3 3 3
"184" 0.7132349 0.5494577 1 1 1 1 1 1
"185" -0.0500812 0.0855304 2 2 2 2 2 2
"186" -0.0309475 -0.0459794 3 3 3 3 3 3
"187" 0.0645263 0.0904914 1 1 1 1 1 1
"188" -0.0478282 0.2085452 2 2 2 2 2 2
"189" 0.2194014 0.543574 3 3 3 3 3 3
"190" 0.7440612 0.565415 1 1 1 1 1 1
"191" -0.0723874 -0.2884822 2 2 2 2 2 2
"192" 0.65322 0.6188972 3 3 3 3 3 3
"193" 0.0732015 -0.0242045 1 1 1 1 1 1
"194" 0.6594237 0.724193 2 2 2 2 2 2
"195" 0.3165807 0.5265975 3 3 3 3 3 3
"196" 0.6497682 0.5082553 1 1 1 1 1 1
"197" -0.1263454 -0.3178144 2 2 2 2 2 2
"198" 0.1218164 -0.0394659 3 3 3 3 3 3
"199" -0.1252405 -0.4044281 1 1 1 1 1 1
"200" 0.7366219 0.5724766 2 2 2 2 2 2
"201" 0.6386383 0.6258808 3 3 3 3 3 3
"202" 0.6395827 0.630967 1 1 1 1 1 1
"203" 0.0160589 -0.0073385 2 2 2 2 2 2
"204" 0.7477632 0.5977015 3 3 3 3 3 3
"205" 0.7032925 0.5410155 1 1 1 1 1 1
"206" -0.1389212 -0.3376021 2 2 2 2 2 2
"207" 0.691116 0.6226055 3 3 3 3 3 3
"208" 0.2433903 0.5280729 1 1 1 1 1 1
"209" -0.0226117 0.0736954 2 2 2 2 2 2
"210" -0.053514 -0.2812322 3 3 3 3 3 3
"211" -0.1001827 0.0648792 1 1 1 1 1 1
"212" 0.3386506 0.4354471 2 2 2 2 2 2
"213" -0.1456987 0.033625 3 3 3 3 3 3
"214" 0.7105395 0.5500774 1 1 1 1 1 1
"215" -0.1368795 0.3442899 2 2 2 2 2 2
"216" -0.1062811 -0.2824286 3 3 3 3 3 3
"217" 0.726347 0.6490536 1 1 1 1 1 1
"218" 0.2953013 0.4793612 2 2 2 2 2 2
"219" 0.7441739 0.5989637 3 3 3 3 3 3
"220" -0.0658108 -0.2621721 1 1 1 1 1 1
"221" 0.0009077 -0.0034213 2 2 2 2 2 2
"222" -0.0062891 -0.0289851 3 3 3 3 3 3
"223" 0.2999811 0.5759707 1 1 1 1 1 1
"224" 0.3974776 0.5265884 2 2 2 2 2 2
"225" 0.3320876 0.4988779 3 3 3 3 3 3
"226" 0.2501754 0.5241129 1 1 1 1 1 1
"227" -0.1249286 0.3237799 2 2 2 2 2 2
"228" 0.0517759 0.0914475 3 3 3 3 3 3
"229" -0.0877131 0.2732081 1 1 1 1 1 1
"230" 0.7198207 0.6071562 2 2 2 2 2 2
"231" 0.2729428 0.5296633 3 3 3 3 3 3
"232" 0.7923801 0.5955712 1 1 1 1 1 1
"233" 0.7474794 0.5878574 2 2 2 2 2 2
"234" -0.0518463 -0.0358871 3 3 3 3 3 3
"235" -0.1496684 0.2325934 1 1 1 1 1 1
"236" 0.2515309 0.4853479 2 2 2 2 2 2
"237" 0.2955272 0.5038766 3 3 3 3 3 3
"238" 0.0083715 0.0325193 1 1 1 1 1 1
"239" 0.7233785 0.5790561 2 2 2 2 2 2
"240" -0.090828 0.3570962 3 3 3 3 3 3
"241" -0.0881915 0.3563142 1 1 1 1 1 1
"242" -0.1542111 0.2955752 2 2 2 2 2 2
"243" 0.3324533 0.5450381 3 3 3 3 3 3
"244" 0.6992241 0.5839022 1 1 1 1 1 1
"245" 0.3507665 0.429755 2 2 2 2 2 2
"246" -0.030615 0.0043404 3 3 3 3 3 3
"247" 0.7768401 0.5297889 1 1 1 1 1 1
"248" 0.0104219 0.2651208 2 2 2 2 2 2
"249" 0.0281439 -0.0152079 3 3 3 3 3 3
"250" -0.0758799 -0.3014781 1 1 1 1 1 1
"251" -0.1126136 -0.3132662 2 2 2 2 2 2
"252" -0.0550282 -0.010998 3 3 3 3 3 3
"253" 0.3153999 0.4379348 1 1 1 1 1 1
"254" -0.1644543 0.2853286 2 2 2 2 2 2
"255" 0.3336939 0.5153286 3 3 3 3 3 3
"256" -0.0669775 0.3700515 1 1 1 1 1 1
"257" 0.035304 -0.0011063 2 2 2 2 2 2
"258" 0.1905883 0.3897875 3 3 3 3 3 3
"259" -0.0522065 -0.0705839 1 1 1 1 1 1
"260" -0.0248382 0.0396837 2 2 2 2 2 2
"261" -0.0654209 0.3837816 3 3 3 3 3 3
"262" 0.6600043 0.6139826 1 1 1 1 1 1
"263" -0.0463918 -0.0077371 2 2 2 2 2 2
"264" 0.689486 0.6033554 3 3 3 3 3 3
"265" 0.699507 0.6683496 1 1 1 1 1 1
"266" -0.0999463 -0.3918657 2 2 2 2 2 2
"267" -0.023186 -0.321762 3 3 3 3 3 3
"268" -0.04125 -0.29681 1 1 1 1 1 1
"269" -0.0577026 -0.3314938 2 2 2 2 2 2
"270" 0.7648153 0.5955037 3 3 3 3 3 3
"271" 0.7785092 0.6825385 1 1 1 1 1 1
"272" -0.0872082 -0.3095249 2 2 2 2 2 2
"273" -0.1225913 0.2531657 3 3 3 3 3 3
"274" 0.7371276 0.6042876 1 1 1 1 1 1
"275" -0.0389638 0.0802047 2 2 2 2 2 2
"276" 0.7098255 0.5415184 3 3 3 3 3 3
"277" 0.0261345 0.0585817 1 1 1 1 1 1
"278" 0.7402519 0.5762496 2 2 2 2 2 2
"279" -0.138026 -0.1884064 3 3 3 3 3 3
"280" -0.0235121 -0.1153758 1 1 1 1 1 1
"281" -0.0873609 -0.3018021 2 2 2 2 2 2
"282" 0.6927851 0.6462081 3 3 3 3 3 3
"283" 0.7212608 0.5755179 1 1 1 1 1 1
"284" 0.3118012 0.5737064 2 2 2 2 2 2
"285" 0.6716281 0.5984312 3 3 3 3 3 3
"286" 0.6888587 0.5949845 1 1 1 1 1 1
"287" 0.6293082 0.6644673 2 2 2 2 2 2
"288" -0.1528309 -0.2565246 3 3 3 3 3 3
"289" 0.0174824 -0.3388742 1 1 1 1 1 1
"290" -0.1925174 0.2709125 2 2 2 2 2 2
"291" 0.7091806 0.5720848 3 3 3 3 3 3
"292" -0.0755173 0.3775744 1 1 1 1 1 1
"293" 0.6691327 0.544383 2 2 2 2 2 2
"294" -0.1210912 0.2555714 3 3 3 3 3 3
"295" 0.6573719 0.5759524 1 1 1 1 1 1
"296" 0.0444907 0.0469069 2 2 2 2 2 2
"297" 0.6624715 0.5272177 3 3 3 3 3 3
"298" 0.0033627 -0.0963014 1 1 1 1 1 1
"299" 0.7824052 0.6584088 2 2 2 2 2 2
"300" 0.2688179 0.4764228 3 3 3 3 3 3
"301" 0.6418764 0.5594225 1 1 1 1 1 1
"302" 0.6283108 0.5463157 2 2 2 2 2 2
"303" -0.1455183 -0.2640419 3 3 3 3 3 3
"304" -0.0299334 0.0371103 1 1 1 1 1 1
"305" 0.5474256 0.6206297 2 2 2 2 2 2
"306" -0.042865 0.0814989 3 3 3 3 3 3
"307" 0.0240453 -0.2678474 1 1 1 1 1 1
"308" 0.0076838 0.0689054 2 2 2 2 2 2
"309" -0.0524185 0.0663517 3 3 3 3 3 3
"310" -0.0891314 -0.2758004 1 1 1 1 1 1
"311" -0.0570719 -0.3348722 2 2 2 2 2 2
"312" 0.3352681 0.5889484 3 3 3 3 3 3
"313" 0.7028153 0.5257955 1 1 1 1 1 1
"314" -0.1284123 -0.3132567 2 2 2 2 2 2
"315" 0.3225847 0.5518014 3 3 3 3 3 3
"316" 0.2601394 0.5619358 1 1 1 1 1 1
"317" -0.0753821 -0.355718 2 2 2 2 2 2
"318" -0.0164756 0.0653 3 3 3 3 3 3
"319" 0.3188285 0.5891468 1 1 1 1 1 1
"320" 0.3409397 0.520498 2 2 2 2 2 2
"321" 0.0101646 0.3721452 3 3 3 3 3 3
"322" -0.0171708 0.0124596 1 1 1 1 1 1
"323" -0.1073603 -0.2801872 2 2 2 2 2 2
"324" -0.1240114 -0.3035309 3 3 3 3 3 3
"325" -0.0472691 0.248005 1 1 1 1 1 1
"326" 0.7375201 0.6716297 2 2 2 2 2 2
"327" -0.0029576 -0.0737698 3 3 3 3 3 3
"328" 0.0653387 -0.0189755 1 1 1 1 1 1
"329" 0.3123385 0.4947052 2 2 2 2 2 2
"330" 0.0443384 0.0304775 3 3 3 3 3 3
"331" 0.3334376 0.5268482 1 1 1 1 1 1
"332" 0.2910979 0.4414394 2 2 2 2 2 2
"333" -0.1095733 -0.3161678 3 3 3 3 3 3
"334" -0.1534538 0.3618056 1 1 1 1 1 1
"335" 0.2522808 0.4013862 2 2 2 2 2 2
"336" -0.0395031 0.3072791 3 3 3 3 3 3
"337" 0.0709073 -0.037101 1 1 1 1 1 1
"338" 0.6215105 0.5746586 2 2 2 2 2 2
"339" 0.2920051 0.5616195 3 3 3 3 3 3
"340" -0.1689567 -0.3205839 1 1 1 1 1 1
"341" 0.3234748 0.527204 2 2 2 2 2 2
"342" 0.0915009 0.0157593 3 3 3 3 3 3
"343" -0.1598791 0.3409023 1 1 1 1 1 1
"344" -0.1127479 -0.2884782 2 2 2 2 2 2
"345" 0.024848 -0.3108508 3 3 3 3 3 3
"346" 0.5992569 0.6302861 1 1 1 1 1 1
"347" 0.2056473 0.4933415 2 2 2 2 2 2
"348" 0.6973655 0.5745989 3 3 3 3 3 3
"349" -0.0145477 0.3081679 1 1 1 1 1 1
"350" 0.3001466 0.5395766 2 2 2 2 2 2
"351" -0.0072278 0.3191639 3 3 3 3 3 3
"352" -0.0590376 -0.3339129 1 1 1 1 1 1
"353" -0.1196816 0.2695425 2 2 2 2 2 2
"354" -0.0972192 -0.3366284 3 3 3 3 3 3
"355" -0.1666968 0.2352378 1 1 1 1 1 1
"356" -0.0248943 0.007951 2 2 2 2 2 2
"357" -0.0913714 -0.3327797 3 3 3 3 3 3
"358" -0.0262427 0.3235235 1 1 1 1 1 1
"359" -0.0585743 0.2156959 2 2 2 2 2 2
"360" -0.1504153 0.320915 3 3 3 3 3 3
"361" 0.729525 0.5362095 1 1 1 1 1 1
"362" 0.3597253 0.4900817 2 2 2 2 2 2
"363" -0.0730371 -0.3651787 3 3 3 3 3 3
"364" -0.2084068 -0.3487438 1 1 1 1 1 1
"365" 0.0574692 -0.0271035 2 2 2 2 2 2
"366" -0.1073426 0.2741824 3 3 3 3 3 3
"367" 0.3819993 0.5232109 1 1 1 1 1 1
"368" -0.1054743 0.3394369 2 2 2 2 2 2
"369" -0.0632681 -0.0662002 3 3 3 3 3 3
"370" -0.0717543 -0.3077351 1 1 1 1 1 1
"371" 0.2706122 0.4760691 2 2 2 2 2 2
"372" 0.1926885 0.4617937 3 3 3 3 3 3
"373" 0.3685495 0.4946105 1 1 1 1 1 1
"374" -0.1138758 0.3125635 2 2 2 2 2 2
"375" 0.2954992 0.4617339 3 3 3 3 3 3
"376" 0.6970315 0.6341702 1 1 1 1 1 1
"377" -0.1697652 -0.3417708 2 2 2 2 2 2
"378" -0.0233938 -0.0038947 3 3 3 3 3 3
"379" -0.1282678 -0.2622176 1 1 1 1 1 1
"380" 0.2525085 0.4967354 2 2 2 2 2 2
"381" -0.120027 0.2405725 3 3 3 3 3 3
"382" -0.0339259 -0.0186141 1 1 1 1 1 1
"383" -0.1247643 0.2567844 2 2 2 2 2 2
"384" 0.7162837 0.6966331 3 3 3 3 3 3
"385" 0.7182066 0.595254 1 1 1 1 1 1
"386" -0.1851915 0.2636722 2 2 2 2 2 2
"387" 0.7275742 0.5705378 3 3 3 3 3 3
"388" -0.0086445 0.0750429 1 1 1 1 1 1
"389" 0.0441722 -0.0169724 2 2 2 2 2 2
"390" 0.3115463 0.5765303 3 3 3 3 3 3
"391" 0.7264163 0.63923 1 1 1 1 1 1
"392" -0.0896293 0.2518427 2 2 2 2 2 2
"393" -0.0658998 -0.3254821 3 3 3 3 3 3
"394" 0.6437538 0.5214297 1 1 1 1 1 1
"395" 0.6675128 0.6201164 2 2 2 2 2 2
"396" 0.7575489 0.6107082 3 3 3 3 3 3
"397" -0.0053301 -0.0180375 1 1 1 1 1 1
"398" 0.3739366 0.5245887 2 2 2 2 2 2
"399" 0.344043 0.529143 3 3 3 3 3 3
"400" -0.0391805 0.0121396 1 1 1 1 1 1
"401" 0.2386234 0.4894443 2 2 2 2 2 2
"402" -0.1395515 -0.2719675 3 3 3 3 3 3
"403" 0.2631494 0.5501831 1 1 1 1 1 1
"404" -0.0622244 -0.0297392 2 2 2 2 2 2
"405" -0.1503188 -0.306749 3 3 3 3 3 3
"406" -0.0719973 0.2586286 1 1 1 1 1 1
"407" 0.3480496 0.4937701 2 2 2 2 2 2
"408" -0.022355 0.0218545 3 3 3 3 3 3
"409" 0.3212477 0.453865 1 1 1 1 1 1
"410" -0.2087717 -0.2720919 2 2 2 2 2 2
"411" -0.0397088 -0.3593708 3 3 3 3 3 3
"412" -0.0908806 -0.3221487 1 1 1 1 1 1
"413" 0.2941146 0.4883027 2 2 2 2 2 2
"414" 0.2492815 0.4328082 3 3 3 3 3 3
"415" -0.1953499 -0.2377181 1 1 1 1 1 1
"416" 0.7518022 0.6301089 2 2 2 2 2 2
"417" 0.6812308 0.5668885 3 3 3 3 3 3
"418" -0.130812 0.2521691 1 1 1 1 1 1
"419" -0.0350394 -0.2179901 2 2 2 2 2 2
"420" 0.2825764 0.5691799 3 3 3 3 3 3
"421" 0.0227002 0.0251607 1 1 1 1 1 1
"422" 0.7024079 0.6245953 2 2 2 2 2 2
"423" -0.0307695 0.0139183 3 3 3 3 3 3
"424" 0.6813953 0.6202178 1 1 1 1 1 1
"425" -0.1436882 0.197982 2 2 2 2 2 2
"426" 0.3375212 0.4505918 3 3 3 3 3 3
"427" 0.3517843 0.472728 1 1 1 1 1 1
"428" 0.7003341 0.5872639 2 2 2 2 2 2
"429" -0.1496704 0.3589654 3 3 3 3 3 3
"430" 0.0994723 0.0334586 1 1 1 1 1 1
"431" -0.105195 -0.357319 2 2 2 2 2 2
"432" -0.1047523 0.1878211 3 3 3 3 3 3
"433" 0.6580458 0.5774423 1 1 1 1 1 1
"434" -0.0068664 0.0551886 2 2 2 2 2 2
"435" 0.2261684 0.4141982 3 3 3 3 3 3
"436" 0.0091899 -0.0230248 1 1 1 1 1 1
"437" -0.0156785 0.0797836 2 2 2 2 2 2
"438" 0.7417606 0.5968476 3 3 3 3 3 3
"439" -0.0976631 -0.2410688 1 1 1 1 1 1
"440" -0.0220323 -0.3659213 2 2 2 2 2 2
"441" 0.0563786 0.0171897 3 3 3 3 3 3
"442" 0.7799834 0.5702147 1 1 1 1 1 1
"443" -0.1431721 0.3088784 2 2 2 2 2 2
"444" -0.1039221 0.2804716 3 3 3 3 3 3
"445" -0.0829019 0.0659005 1 1 1 1 1 1
"446" 0.7316161 0.5948761 2 2 2 2 2 2
"447" 0.3192682 0.5315485 3 3 3 3 3 3
"448" -0.0009252 -0.010062 1 1 1 1 1 1
"449" 0.3171896 0.5139322 2 2 2 2 2 2
"450" 0.3462462 0.5471547 3 3 3 3 3 3
"451" -0.2610685 0.3213757 1 1 1 1 1 1
"452" -0.0189355 -0.3605062 2 2 2 2 2 2
"453" -0.088843 0.2947883 3 3 3 3 3 3
"454" -0.0709981 -0.1666069 1 1 1 1 1 1
"455" 0.655928 0.6585182 2 2 2 2 2 2
"456" 0.6835872 0.6670112 3 3 3 3 3 3
"457" 0.6688094 0.5781163 1 1 1 1 1 1
"458" 0.7819206 0.5910785 2 2 2 2 2 2
"459" -0.0519849 0.3152048 3 3 3 3 3 3
"460" -0.0217902 -0.2829227 1 1 1 1 1 1
"461" -0.0579486 0.2787993 2 2 2 2 2 2
"462" -0.0560632 -0.3393186 3 3 3 3 3 3
"463" -0.1124213 0.312059 1 1 1 1 1 1
"464" 0.7983278 0.6679897 2 2 2 2 2 2
"465" -0.2549552 -0.3288658 3 3 3 3 3 3
"466" -0.1121317 -0.2804732 1 1 1 1 1 1
"467" 0.6408331 0.5397485 2 2 2 2 2 2
"468" 0.6880511 0.5601801 3 3 3 3 3 3
"469" -0.1067508 0.2456064 1 1 1 1 1 1
"470" 0.6508926 0.6570084 2 2 2 2 2 2
"471" -0.087006 0.3051432 3 3 3 3 3 3
"472" 0.7110717 0.6261532 1 1 1 1 1 1
"473" -0.1081587 -0.2533216 2 2 2 2 2 2
"474" -0.0468636 -0.0147337 3 3 3 3 3 3
"475" -0.0150191 0.2687767 1 1 1 1 1 1
"476" 0.2093233 0.4833637 2 2 2 2 2 2
"477" -0.0929782 -0.2362675 3 3 3 3 3 3
"478" -0.0475775 -0.0181685 1 1 1 1 1 1
"479" 0.2360297 0.4806192 2 2 2 2 2 2
"480" 0.7724831 0.6305836 3 3 3 3 3 3
"481" 0.0649741 -0.0587888 1 1 1 1 1 1
"482" -0.1258082 0.3167366 2 2 2 2 2 2
"483" 0.2974421 0.5222589 3 3 3 3 3 3
"484" 0.3694072 0.5190601 1 1 1 1 1 1
"485" 0.6540764 0.6265183 2 2 2 2 2 2
"486" 0.0846451 0.0553129 3 3 3 3 3 3
"487" 0.2942326 0.4438912 1 1 1 1 1 1
"488" 0.0319888 -0.0248978 2 2 2 2 2 2
"489" 0.6468983 0.5928274 3 3 3 3 3 3
"490" -0.1457918 0.2669781 1 1 1 1 1 1
"491" -0.0331571 -0.2706689 2 2 2 2 2 2
"492" 0.1029477 -0.0546349 3 3 3 3 3 3
"493" 0.2157968 0.4124432 1 1 1 1 1 1
"494" -0.0490921 -0.2883391 2 2 2 2 2 2
"495" 0.0841342 -0.0010706 3 3 3 3 3 3
"496" 0.6635769 0.5965791 1 1 1 1 1 1
"497" -0.0738197 0.2829145 2 2 2 2 2 2
"498" -0.121066 0.2799775 3 3 3 3 3 3
"499" 0.2974021 0.5092924 1 1 1 1 1 1
"500" -0.0032825 -0.0147139 2 2 2 2 2 2
"501" 0.2827367 0.4936288 3 3 3 3 3 3
"502" 0.1020869 0.1164921 1 1 1 1 1 1
"503" 0.3402058 0.4678143 2 2 2 2 2 2
"504" 0.329489 0.5198031 3 3 3 3 3 3
"505" 0.7315664 0.4815327 1 1 1 1 1 1
"506" 0.2599348 0.4799933 2 2 2 2 2 2
"507" -0.146017 -0.3306358 3 3 3 3 3 3
"508" -0.0333722 0.3106921 1 1 1 1 1 1
"509" 0.2978438 0.5496718 2 2 2 2 2 2
"510" -0.1393482 -0.3358551 3 3 3 3 3 3
"511" 0.3086751 0.5644753 1 1 1 1 1 1
"512" 0.2933153 0.5300169 2 2 2 2 2 2
"513" 0.2678529 0.4568515 3 3 3 3 3 3
"514" -0.0001665 0.0069094 1 1 1 1 1 1
"515" 0.0693426 0.0378943 2 2 2 2 2 2
"516" 0.2897406 0.4082085 3 3 3 3 3 3
"517" -0.089806 0.2763992 1 1 1 1 1 1
"518" -0.1323691 -0.3480018 2 2 2 2 2 2
"519" -0.1994658 0.2878383 3 3 3 3 3 3
"520" -0.0978273 0.3795122 1 1 1 1 1 1
"521" 0.7702731 0.6206207 2 2 2 2 2 2
"522" 0.7475713 0.5794369 3 3 3 3 3 3
"523" -0.1163856 -0.3175134 1 1 1 1 1 1
"524" 0.7202844 0.6073262 2 2 2 2 2 2
"525" 0.6630209 0.6726323 3 3 3 3 3 3
"526" -0.1547312 0.2121791 1 1 1 1 1 1
"527" 0.0276031 -0.2888075 2 2 2 2 2 2
"528" -0.0329224 0.2929708 3 3 3 3 3 3
"529" -0.0257702 -0.187398 1 1 1 1 1 1
"530" 0.3091326 0.49783 2 2 2 2 2 2
"531" -0.1921998 -0.2427817 3 3 3 3 3 3
"532" -0.1299767 0.2410044 1 1 1 1 1 1
"533" -0.012627 -0.0220259 2 2 2 2 2 2
"534" -0.0838977 0.3363696 3 3 3 3 3 3
"535" 0.7323358 0.6142895 1 1 1 1 1 1
"536" 0.7757678 0.5271245 2 2 2 2 2 2
"537" -0.0317451 0.0010158 3 3 3 3 3 3
"538" 0.7705092 0.5552895 1 1 1 1 1 1
"539" 0.7184674 0.5199161 2 2 2 2 2 2
"540" -0.0417604 -0.258251 3 3 3 3 3 3
"541" -0.032026 -0.0966659 1 1 1 1 1 1
"542" 0.652517 0.5655661 2 2 2 2 2 2
"543" -0.1004731 0.3383241 3 3 3 3 3 3
"544" 0.629597 0.5478465 1 1 1 1 1 1
"545" 0.7237694 0.5619918 2 2 2 2 2 2
"546" 0.3188465 0.5255146 3 3 3 3 3 3
"547" -0.0387771 0.0195884 1 1 1 1 1 1
"548" -0.157001 0.2819905 2 2 2 2 2 2
"549" 0.6602712 0.6422807 3 3 3 3 3 3
"550" 0.297713 0.4585168 1 1 1 1 1 1
"551" 0.0115385 0.0330046 2 2 2 2 2 2
"552" -0.0882649 0.3237718 3 3 3 3 3 3
"553" -0.1239726 0.2776003 1 1 1 1 1 1
"554" -0.132615 0.3066397 2 2 2 2 2 2
"555" 0.2859242 0.5434074 3 3 3 3 3 3
"556" 0.7856104 0.6880188 1 1 1 1 1 1
"557" 0.2729987 0.450671 2 2 2 2 2 2
"558" -0.1345507 -0.3032015 3 3 3 3 3 3
"559" -0.019757 0.0334182 1 1 1 1 1 1
"560" 0.756926 0.5934108 2 2 2 2 2 2
"561" -0.0900309 -0.3208264 3 3 3 3 3 3
"562" -0.0055407 0.0162053 1 1 1 1 1 1
"563" -0.1699537 -0.2068045 2 2 2 2 2 2
"564" 0.0158854 0.0469253 3 3 3 3 3 3
"565" -0.0838844 -0.2577364 1 1 1 1 1 1
"566" -0.060528 -0.0367848 2 2 2 2 2 2
"567" 0.6583862 0.6382032 3 3 3 3 3 3
"568" 0.3201508 0.464884 1 1 1 1 1 1
"569" 0.6623238 0.6937177 2 2 2 2 2 2
"570" 0.0104471 -0.3084496 3 3 3 3 3 3
"571" 0.0385851 -0.0589007 1 1 1 1 1 1
"572" 0.6034046 0.591529 2 2 2 2 2 2
"573" 0.332729 0.4988647 3 3 3 3 3 3
"574" -0.1101772 0.2413642 1 1 1 1 1 1
"575" 0.7079248 0.4790002 2 2 2 2 2 2
"576" 0.0052233 0.0863553 3 3 3 3 3 3
"577" 0.0094668 -0.3620406 1 1 1 1 1 1
"578" -0.0761339 0.269681 2 2 2 2 2 2
"579" 0.3096963 0.4568097 3 3 3 3 3 3
"580" 0.1103216 -0.000525 1 1 1 1 1 1
"581" -0.1192093 0.3378345 2 2 2 2 2 2
"582" 0.288308 0.4519414 3 3 3 3 3 3
"583" 0.6912557 0.5610114 1 1 1 1 1 1
"584" 0.2771122 0.5270547 2 2 2 2 2 2
"585" 0.2831243 0.5250741 3 3 3 3 3 3
"586" 0.2417005 0.4986938 1 1 1 1 1 1
"587" -0.1316184 0.2504219 2 2 2 2 2 2
"588" 0.3263354 0.5577965 3 3 3 3 3 3
"589" -0.0337614 0.0362154 1 1 1 1 1 1
"590" 0.2154862 0.4522779 2 2 2 2 2 2
"591" 0.359617 0.4848401 3 3 3 3 3 3
"592" 0.0074105 0.3249027 1 1 1 1 1 1
"593" 0.3160601 0.5580604 2 2 2 2 2 2
"594" 0.0209917 0.0533173 3 3 3 3 3 3
"595" -0.0976713 0.3377856 1 1 1 1 1 1
"596" 0.2502679 0.5136218 2 2 2 2 2 2
"597" 0.0837956 0.0453225 3 3 3 3 3 3
"598" 0.7760077 0.6572016 1 1 1 1 1 1
"599" -0.0327569 0.0353045 2 2 2 2 2 2
"600" 0.3262758 0.5169785 3 3 3 3 3 3
"601" -0.0866801 0.3151235 1 1 1 1 1 1
"602" -0.1026784 0.3062036 2 2 2 2 2 2
"603" 0.2525909 0.5850379 3 3 3 3 3 3
"604" -0.0311664 -0.3479869 1 1 1 1 1 1
"605" 0.0044139 -0.0200389 2 2 2 2 2 2
"606" 0.3518332 0.5291978 3 3 3 3 3 3
"607" 0.7858596 0.5715389 1 1 1 1 1 1
"608" 0.2545038 0.4818516 2 2 2 2 2 2
"609" 0.6962367 0.6711424 3 3 3 3 3 3
"610" 0.0225503 0.0415333 1 1 1 1 1 1
"611" -0.0640452 -0.3496677 2 2 2 2 2 2
"612" -0.1654072 -0.2694935 3 3 3 3 3 3
"613" 0.30948 0.4632787 1 1 1 1 1 1
"614" -0.0926961 0.3136083 2 2 2 2 2 2
"615" 0.6197082 0.6485911 3 3 3 3 3 3
"616" -0.0633456 0.0025781 1 1 1 1 1 1
"617" -0.0939157 0.2848041 2 2 2 2 2 2
"618" 0.2145599 0.4711061 3 3 3 3 3 3
"619" 0.283718 0.4287557 1 1 1 1 1 1
"620" 0.0002075 0.021155 2 2 2 2 2 2
"621" -0.132106 -0.3204607 3 3 3 3 3 3
"622" -0.0490394 -0.3113336 1 1 1 1 1 1
"623" 0.3568491 0.5515545 2 2 2 2 2 2
"624" -0.2036852 -0.3435941 3 3 3 3 3 3
"625" -0.1537431 -0.3278972 1 1 1 1 1 1
"626" -0.0517176 0.1192078 2 2 2 2 2 2
"627" 0.2803162 0.4664282 3 3 3 3 3 3
"628" 0.023545 -0.0618641 1 1 1 1 1 1
"629" -0.0953556 0.3321384 2 2 2 2 2 2
"630" -0.0180887 -0.0214551 3 3 3 3 3 3
"631" 0.3136765 0.4972403 1 1 1 1 1 1
"632" -0.0361809 0.3417666 2 2 2 2 2 2
"633" 0.2193818 0.4591451 3 3 3 3 3 3
"634" 0.0044826 0.0146381 1 1 1 1 1 1
"635" -0.1214889 0.3223227 2 2 2 2 2 2
"636" -0.1108288 -0.2978793 3 3 3 3 3 3
"637" -0.1224442 0.3354539 1 1 1 1 1 1
"638" -0.0648336 0.2835724 2 2 2 2 2 2
"639" -0.0048913 -0.0166971 3 3 3 3 3 3
"640" -0.0743048 0.3395566 1 1 1 1 1 1
"641" 0.2647603 0.4452438 2 2 2 2 2 2
"642" -0.1476426 0.3155457 3 3 3 3 3 3
"643" 0.7307511 0.5574915 1 1 1 1 1 1
"644" -0.1181196 -0.3608206 2 2 2 2 2 2
"645" -0.1529 0.367971 3 3 3 3 3 3
"646" 0.7726995 0.5884641 1 1 1 1 1 1
"647" 0.7210735 0.6097782 2 2 2 2 2 2
"648" 0.0325731 0.2712718 3 3 3 3 3 3
"649" 0.7596837 0.494872 1 1 1 1 1 1
"650" -0.1365036 -0.3079784 2 2 2 2 2 2
"651" 0.0770413 -0.0141022 3 3 3 3 3 3
"652" -0.1062586 0.2375059 1 1 1 1 1 1
"653" 0.3079056 0.5563544 2 2 2 2 2 2
"654" -0.0768304 0.3190398 3 3 3 3 3 3
"655" -0.0569389 0.2845583 1 1 1 1 1 1
"656" -0.1472162 0.3261529 2 2 2 2 2 2
"657" 0.6462934 0.5572883 3 3 3 3 3 3
"658" -0.1541452 0.3089477 1 1 1 1 1 1
"659" -0.0610339 0.0012867 2 2 2 2 2 2
"660" -0.0761647 -0.3379778 3 3 3 3 3 3
"661" -0.1607258 -0.3476439 1 1 1 1 1 1
"662" 0.2937745 0.4865929 2 2 2 2 2 2
"663" -0.0772126 0.2960683 3 3 3 3 3 3
"664" -0.1140108 0.3596529 1 1 1 1 1 1
"665" 0.6520893 0.7054527 2 2 2 2 2 2
"666" 0.8094548 0.6345597 3 3 3 3 3 3
"667" 0.6726949 0.5564933 1 1 1 1 1 1
"668" -0.0354039 0.0124917 2 2 2 2 2 2
"669" 0.0105618 0.0951027 3 3 3 3 3 3
"670" 0.3303086 0.5378126 1 1 1 1 1 1
"671" 0.7255647 0.5627241 2 2 2 2 2 2
"672" 0.0077191 0.0562409 3 3 3 3 3 3
"673" -0.003953 -0.0165806 1 1 1 1 1 1
"674" 0.7260237 0.5327794 2 2 2 2 2 2
"675" 0.0079222 -0.0141198 3 3 3 3 3 3
"676" 0.2432032 0.5264814 1 1 1 1 1 1
"677" 0.3686465 0.5086241 2 2 2 2 2 2
"678" -0.1736264 0.3715713 3 3 3 3 3 3
"679" -0.0498759 0.3504551 1 1 1 1 1 1
"680" 0.8060889 0.6754881 2 2 2 2 2 2
"681" 0.5789973 0.5520458 3 3 3 3 3 3
"682" 0.0140176 -0.0057009 1 1 1 1 1 1
"683" 0.0229748 -0.0107463 2 2 2 2 2 2
"684" -0.1604651 -0.2678385 3 3 3 3 3 3
"685" 0.7355774 0.5331135 1 1 1 1 1 1
"686" 0.6888338 0.621306 2 2 2 2 2 2
"687" -0.0196273 -0.2672917 3 3 3 3 3 3
"688" 0.343347 0.5026108 1 1 1 1 1 1
"689" -0.1274376 0.3336603 2 2 2 2 2 2
"690" -0.0103762 -0.2650766 3 3 3 3 3 3
"691" 0.650604 0.6313721 1 1 1 1 1 1
"692" 0.0001008 -0.0281213 2 2 2 2 2 2
"693" 0.6386859 0.6125076 3 3 3 3 3 3
"694" 0.2591136 0.4900843 1 1 1 1 1 1
"695" -0.1388483 -0.3148708 2 2 2 2 2 2
"696" 0.6671348 0.6038926 3 3 3 3 3 3
"697" -0.0844855 -0.3044167 1 1 1 1 1 1
"698" 0.0295827 0.0023891 2 2 2 2 2 2
"699" -0.0474653 -0.3379912 3 3 3 3 3 3
"700" -0.0326436 -0.0436677 1 1 1 1 1 1
"701" 0.1755732 0.4969575 2 2 2 2 2 2
"702" 0.7384757 0.5503711 3 3 3 3 3 3
"703" 0.088725 0.0963516 1 1 1 1 1 1
"704" 0.3388237 0.4288512 2 2 2 2 2 2
"705" 0.2971282 0.4829706 3 3 3 3 3 3
"706" -0.0085707 0.0022263 1 1 1 1 1 1
"707" -0.1387504 0.3050308 2 2 2 2 2 2
"708" -0.1383817 0.3274486 3 3 3 3 3 3
"709" 0.2680305 0.458916 1 1 1 1 1 1
"710" -0.1241315 0.31104 2 2 2 2 2 2
"711" -0.0869363 0.3175728 3 3 3 3 3 3
"712" 0.6566606 0.6569512 1 1 1 1 1 1
"713" -0.1321239 0.2241779 2 2 2 2 2 2
"714" 0.2606849 0.58891 3 3 3 3 3 3
"715" -0.0010918 0.2678687 1 1 1 1 1 1
"716" -0.0271622 0.293697 2 2 2 2 2 2
"717" -0.1201662 0.2389166 3 3 3 3 3 3
"718" 0.0012392 0.0090149 1 1 1 1 1 1
"719" -0.1072922 -0.275148 2 2 2 2 2 2
"720" -0.1705826 0.3002934 3 3 3 3 3 3
"721" -0.0367335 -0.264369 1 1 1 1 1 1
"722" 0.2259058 0.5084717 2 2 2 2 2 2
"723" -0.1095661 0.0418834 3 3 3 3 3 3
"724" -0.0640115 -0.3615647 1 1 1 1 1 1
"725" -0.115254 0.2756779 2 2 2 2 2 2
"726" -0.1806968 -0.3548742 3 3 3 3 3 3
"727" -0.0442109 0.1943577 1 1 1 1 1 1
"728" -0.1351939 0.2857656 2 2 2 2 2 2
"729" -0.1777016 -0.2947716 3 3 3 3 3 3
"730" 0.0513019 0.3076169 1 1 1 1 1 1
"731" 0.0715461 -0.0454365 2 2 2 2 2 2
"732" 0.2650288 0.4828227 3 3 3 3 3 3
"733" -0.077838 0.3340398 1 1 1 1 1 1
"734" 0.2435559 0.4534245 2 2 2 2 2 2
"735" 0.7037775 0.6077808 3 3 3 3 3 3
"736" 0.7125521 0.5127228 1 1 1 1 1 1
"737" 0.6552262 0.6153902 2 2 2 2 2 2
"738" -0.0247245 -0.2003433 3 3 3 3 3 3
"739" -0.162646 -0.2827469 1 1 1 1 1 1
"740" -0.0087452 0.0888321 2 2 2 2 2 2
"741" 0.023451 0.3444941 3 3 3 3 3 3
"742" -0.0882159 -0.378172 1 1 1 1 1 1
"743" -0.0616567 -0.0589659 2 2 2 2 2 2
"744" -0.1274546 -0.2581167 3 3 3 3 3 3
"745" 0.7196047 0.5728093 1 1 1 1 1 1
"746" -0.1555441 0.2548601 2 2 2 2 2 2
"747" -0.0471204 0.3253885 3 3 3 3 3 3
"748" -0.2156941 -0.3401627 1 1 1 1 1 1
"749" -0.1452524 0.3264749 2 2 2 2 2 2
"750" -0.1291895 -0.3178685 3 3 3 3 3 3
"751" 0.6952393 0.6272446 1 1 1 1 1 1
"752" 0.7216084 0.5597758 2 2 2 2 2 2
"753" 0.0861986 0.0496372 3 3 3 3 3 3
"754" -0.0208175 0.0744557 1 1 1 1 1 1
"755" -0.1504099 0.2646731 2 2 2 2 2 2
"756" -0.1139644 0.2238317 3 3 3 3 3 3
"757" -0.1704591 -0.2699229 1 1 1 1 1 1
"758" 0.0227794 0.0263954 2 2 2 2 2 2
"759" 0.1018145 -0.0737076 3 3 3 3 3 3
"760" 0.028798 0.0781108 1 1 1 1 1 1
"761" -0.0154596 -0.3810087 2 2 2 2 2 2
"762" 0.6786976 0.6348477 3 3 3 3 3 3
"763" 0.0230653 -0.0222327 1 1 1 1 1 1
"764" -0.0410195 0.3048436 2 2 2 2 2 2
"765" 0.5781084 0.4575819 3 3 3 3 3 3
"766" -0.1060917 -0.0485309 1 1 1 1 1 1
"767" -0.0435934 0.3945275 2 2 2 2 2 2
"768" 0.0366659 -0.0057351 3 3 3 3 3 3
"769" -0.0807962 -0.3644271 1 1 1 1 1 1
"770" 0.2445836 0.3758416 2 2 2 2 2 2
"771" 0.3486576 0.564872 3 3 3 3 3 3
"772" -0.1007156 -0.329717 1 1 1 1 1 1
"773" -0.0589648 0.3788834 2 2 2 2 2 2
"774" -0.078959 -0.2842486 3 3 3 3 3 3
"775" -0.1999122 0.253075 1 1 1 1 1 1
"776" 0.3422016 0.4535444 2 2 2 2 2 2
"777" -0.0527807 -0.3033363 3 3 3 3 3 3
"778" 0.7656561 0.6871894 1 1 1 1 1 1
"779" 0.0466793 0.0197004 2 2 2 2 2 2
"780" -0.0091438 -0.0157391 3 3 3 3 3 3
"781" 0.2723671 0.4379828 1 1 1 1 1 1
"782" 0.6435581 0.513125 2 2 2 2 2 2
"783" 0.6801916 0.5721741 3 3 3 3 3 3
"784" 0.6891846 0.6344794 1 1 1 1 1 1
"785" -0.0742231 0.3592561 2 2 2 2 2 2
"786" -0.0140099 -0.0820181 3 3 3 3 3 3
"787" 0.6533896 0.6025723 1 1 1 1 1 1
"788" -0.0195171 0.0195057 2 2 2 2 2 2
"789" -0.1313421 0.3559435 3 3 3 3 3 3
"790" 0.7308554 0.5825471 1 1 1 1 1 1
"791" -0.1534657 -0.360695 2 2 2 2 2 2
"792" 0.7715241 0.5913756 3 3 3 3 3 3
"793" -0.0752629 0.2661768 1 1 1 1 1 1
"794" 0.6969763 0.5424568 2 2 2 2 2 2
"795" 0.0485401 0.0634758 3 3 3 3 3 3
"796" 0.0522498 -0.0280348 1 1 1 1 1 1
"797" -0.0047562 -0.0302801 2 2 2 2 2 2
"798" -0.0965287 -0.2970251 3 3 3 3 3 3
"799" 0.0212294 -0.0771951 1 1 1 1 1 1
"800" -0.0922407 -0.2530678 2 2 2 2 2 2
"801" -0.1033181 0.3190647 3 3 3 3 3 3
"802" -0.1301004 -0.2923294 1 1 1 1 1 1
"803" 0.6984224 0.5519556 2 2 2 2 2 2
"804" -0.077547 0.3581326 3 3 3 3 3 3
"805" 0.6823515 0.5489048 1 1 1 1 1 1
"806" -0.030846 -0.033098 2 2 2 2 2 2
"807" -0.0471084 0.343052 3 3 3 3 3 3
"808" -0.1257896 0.1862547 1 1 1 1 1 1
"809" 0.2497593 0.5919127 2 2 2 2 2 2
"810" -0.0475366 -0.0552696 3 3 3 3 3 3
"811" -0.0732133 0.2955102 1 1 1 1 1 1
"812" -0.0169707 -0.0483526 2 2 2 2 2 2
"813" 0.7720991 0.5451228 3 3 3 3 3 3
"814" 0.3418494 0.4349795 1 1 1 1 1 1
"815" 0.6817407 0.5668646 2 2 2 2 2 2
"816" -0.1100297 -0.3705975 3 3 3 3 3 3
"817" -0.1000277 -0.2498086 1 1 1 1 1 1
"818" 0.2900497 0.5127526 2 2 2 2 2 2
"819" 0.6822689 0.6038297 3 3 3 3 3 3
"820" -0.0985576 -0.2734971 1 1 1 1 1 1
"821" -0.1843896 0.2819084 2 2 2 2 2 2
"822" -0.0680127 0.3990139 3 3 3 3 3 3
"823" -0.0314095 -0.3520552 1 1 1 1 1 1
"824" 0.0101115 0.009286 2 2 2 2 2 2
"825" 0.3363865 0.48547 3 3 3 3 3 3
"826" 0.2774898 0.4973116 1 1 1 1 1 1
"827" 0.7150048 0.5686777 2 2 2 2 2 2
"828" -0.1514282 -0.307744 3 3 3 3 3 3
"829" 0.2632056 0.5257781 1 1 1 1 1 1
"830" 0.0613222 0.0196212 2 2 2 2 2 2
"831" -7.6e-06 0.0535906 3 3 3 3 3 3
"832" 0.2777652 0.6111625 1 1 1 1 1 1
"833" -0.0929797 -0.4522009 2 2 2 2 2 2
"834" 0.3070794 0.5369028 3 3 3 3 3 3
"835" 0.3001609 0.4249434 1 1 1 1 1 1
"836" -0.0243655 -0.3060731 2 2 2 2 2 2
"837" -0.0621447 -0.2510931 3 3 3 3 3 3
"838" 0.6105189 0.5317606 1 1 1 1 1 1
"839" 0.6544346 0.6011864 2 2 2 2 2 2
"840" 0.384125 0.4911524 3 3 3 3 3 3
"841" -0.0591194 -0.3094183 1 1 1 1 1 1
"842" -0.0670466 -0.2920537 2 2 2 2 2 2
"843" -0.0812956 -0.3142927 3 3 3 3 3 3
"844" 0.6180669 0.6674868 1 1 1 1 1 1
"845" -0.0954018 0.2697026 2 2 2 2 2 2
"846" -0.0647006 -0.3552171 3 3 3 3 3 3
"847" -0.0644655 -0.2873088 1 1 1 1 1 1
"848" -0.0518829 -0.3457401 2 2 2 2 2 2
"849" -0.1023116 0.3145194 3 3 3 3 3 3
"850" 0.3174691 0.485256 1 1 1 1 1 1
"851" -0.0269336 0.0158036 2 2 2 2 2 2
"852" 0.3268553 0.6004319 3 3 3 3 3 3
"853" -0.0263561 0.0581886 1 1 1 1 1 1
"854" 0.651821 0.6254532 2 2 2 2 2 2
"855" 0.7485855 0.6546093 3 3 3 3 3 3
"856" 0.6831146 0.5590564 1 1 1 1 1 1
"857" -0.1011176 0.2663515 2 2 2 2 2 2
"858" -0.0686393 0.3122627 3 3 3 3 3 3
"859" 0.2904707 0.4788308 1 1 1 1 1 1
"860" -0.0405704 0.3325073 2 2 2 2 2 2
"861" 0.3316744 0.5105399 3 3 3 3 3 3
"862" -0.0197955 -0.0362453 1 1 1 1 1 1
"863" -0.0500962 0.0029723 2 2 2 2 2 2
"864" 0.6216713 0.6040069 3 3 3 3 3 3
"865" 0.7495338 0.4989489 1 1 1 1 1 1
"866" -0.0756799 0.31452 2 2 2 2 2 2
"867" 0.6624487 0.6780547 3 3 3 3 3 3
"868" 0.0153516 -0.0470435 1 1 1 1 1 1
"869" -0.1496035 0.1794929 2 2 2 2 2 2
"870" -0.1935852 -0.2833614 3 3 3 3 3 3
"871" 0.6526917 0.6386332 1 1 1 1 1 1
"872" -0.0405845 -0.0538232 2 2 2 2 2 2
"873" 0.3766251 0.5296196 3 3 3 3 3 3
"874" 0.3297771 0.4348698 1 1 1 1 1 1
"875" -0.1735994 -0.2857588 2 2 2 2 2 2
"876" 0.2634692 0.4481018 3 3 3 3 3 3
"877" 0.2442865 0.5003282 1 1 1 1 1 1
"878" 0.7478036 0.6234913 2 2 2 2 2 2
"879" 0.7664225 0.5176447 3 3 3 3 3 3
"880" 0.3097032 0.3944001 1 1 1 1 1 1
"881" -0.0283294 -0.3672951 2 2 2 2 2 2
"882" 0.2692615 0.5453991 3 3 3 3 3 3
"883" 0.6630364 0.6066714 1 1 1 1 1 1
"884" 0.3143144 0.521071 2 2 2 2 2 2
"885" -0.0499989 -0.0704664 3 3 3 3 3 3
"886" 0.6729997 0.5467681 1 1 1 1 1 1
"887" -0.1765855 0.3372926 2 2 2 2 2 2
"888" 0.4076231 0.5455935 3 3 3 3 3 3
"889" -0.1135149 0.2268869 1 1 1 1 1 1
"890" -0.0367939 0.2020911 2 2 2 2 2 2
"891" -0.1785556 0.3664284 3 3 3 3 3 3
"892" -0.0761979 0.2984002 1 1 1 1 1 1
"893" 0.0276399 0.0694604 2 2 2 2 2 2
"894" 0.0148957 -0.0113443 3 3 3 3 3 3
"895" -0.0903446 0.2545002 1 1 1 1 1 1
"896" -0.1262419 -0.2889316 2 2 2 2 2 2
"897" 0.323701 0.3810754 3 3 3 3 3 3
"898" -0.0460636 -0.0596257 1 1 1 1 1 1
"899" -0.1312593 0.2548139 2 2 2 2 2 2
"900" -0.1682108 -0.3019901 3 3 3 3 3 3
"901" 0.2654928 0.4601784 1 1 1 1 1 1
"902" -0.1276572 0.3348103 2 2 2 2 2 2
"903" -0.0897815 -0.3752665 3 3 3 3 3 3
"904" 0.6551577 0.6098185 1 1 1 1 1 1
"905" 0.0038107 -0.0929745 2 2 2 2 2 2
"906" 0.3410862 0.4756654 3 3 3 3 3 3
"907" 0.0298274 0.0826564 1 1 1 1 1 1
"908" 0.2697455 0.4548555 2 2 2 2 2 2
"909" 0.3119962 0.5085344 3 3 3 3 3 3
"910" 0.3388853 0.5962471 1 1 1 1 1 1
"911" 0.6868734 0.6100771 2 2 2 2 2 2
"912" 0.0093658 0.0627441 3 3 3 3 3 3
"913" 0.3453983 0.476222 1 1 1 1 1 1
"914" -0.0032001 0.0214697 2 2 2 2 2 2
"915" -0.0406657 -0.3386585 3 3 3 3 3 3
"916" 0.0134711 -0.0836282 1 1 1 1 1 1
"917" 0.0593021 -0.025995 2 2 2 2 2 2
"918" -0.0692156 -0.2794906 3 3 3 3 3 3
"919" -0.1375246 -0.3042951 1 1 1 1 1 1
"920" 0.3267562 0.5094723 2 2 2 2 2 2
"921" 0.634324 0.6206949 3 3 3 3 3 3
"922" -0.0772159 0.3269153 1 1 1 1 1 1
"923" -0.1327445 0.2910954 2 2 2 2 2 2
"924" 0.3142296 0.5606409 3 3 3 3 3 3
"925" -0.1993841 -0.3389515 1 1 1 1 1 1
"926" 0.253286 0.5553473 2 2 2 2 2 2
"927" 0.6766235 0.7061077 3 3 3 3 3 3
"928" -0.0482921 0.263042 1 1 1 1 1 1
"929" -0.1402888 0.2603977 2 2 2 2 2 2
"930" 0.2843113 0.4792133 3 3 3 3 3 3
"931" -0.1164129 0.2712103 1 1 1 1 1 1
"932" 0.0640345 -0.1377884 2 2 2 2 2 2
"933" -0.0861829 0.0675163 3 3 3 3 3 3
"934" -0.0837405 -0.2815322 1 1 1 1 1 1
"935" 0.0233244 -0.0618626 2 2 2 2 2 2
"936" 0.7101257 0.608861 3 3 3 3 3 3
"937" 0.7408318 0.6951601 1 1 1 1 1 1
"938" 0.3234251 0.509026 2 2 2 2 2 2
"939" 0.757635 0.6502206 3 3 3 3 3 3
"940" -0.0598646 0.0853871 1 1 1 1 1 1
"941" -0.0273535 -0.2967844 2 2 2 2 2 2
"942" -0.0180716 0.3712445 3 3 3 3 3 3
"943" 0.3184723 0.5047909 1 1 1 1 1 1
"944" -0.0964815 0.2428891 2 2 2 2 2 2
"945" -0.1198566 0.293369 3 3 3 3 3 3
"946" -0.0874091 -0.2669378 1 1 1 1 1 1
"947" 0.3432362 0.5937601 2 2 2 2 2 2
"948" 0.2884202 0.3891398 3 3 3 3 3 3
"949" -0.0825258 -0.4293408 1 1 1 1 1 1
"950" -0.0631835 -0.0047986 2 2 2 2 2 2
"951" 0.0004577 -0.037802 3 3 3 3 3 3
"952" 0.0005293 -0.0291872 1 1 1 1 1 1
"953" -0.0869895 -0.2737556 2 2 2 2 2 2
"954" 0.2827906 0.3911967 3 3 3 3 3 3
"955" 0.2933802 0.5208863 1 1 1 1 1 1
"956" -0.0894264 0.309853 2 2 2 2 2 2
"957" -0.0426793 0.2356619 3 3 3 3 3 3
"958" -0.1564375 0.2054652 1 1 1 1 1 1
"959" 0.0493388 0.0968796 2 2 2 2 2 2
"960" 0.7905531 0.5646539 3 3 3 3 3 3
"961" -0.122379 -0.2881456 1 1 1 1 1 1
"962" 0.8013727 0.5626421 2 2 2 2 2 2
"963" -0.0759744 -0.2379476 3 3 3 3 3 3
"964" 0.3182647 0.5723353 1 1 1 1 1 1
"965" 0.0674562 -0.0391675 2 2 2 2 2 2
"966" 0.2470531 0.5007985 3 3 3 3 3 3
"967" -0.0842566 0.2654666 1 1 1 1 1 1
"968" 0.0551912 -0.0128639 2 2 2 2 2 2
"969" -0.0716805 -0.3175825 3 3 3 3 3 3
"970" 0.6690698 0.6974221 1 1 1 1 1 1
"971" -0.0670296 0.3275269 2 2 2 2 2 2
"972" -0.0696735 -0.3348776 3 3 3 3 3 3
"973" 0.7922892 0.5999628 1 1 1 1 1 1
"974" 0.7089451 0.6273053 2 2 2 2 2 2
"975" -0.1479921 -0.3117346 3 3 3 3 3 3
"976" -0.0552865 -0.3226021 1 1 1 1 1 1
"977" -0.1049275 -0.3440139 2 2 2 2 2 2
"978" -0.0132341 -0.0032685 3 3 3 3 3 3
"979" 0.6081054 0.6160812 1 1 1 1 1 1
"980" -0.1432812 -0.2452099 2 2 2 2 2 2
"981" -0.1903188 0.4347446 3 3 3 3 3 3
"982" -0.1546194 -0.3258964 1 1 1 1 1 1
"983" -0.1612482 0.252934 2 2 2 2 2 2
"984" -0.1374022 0.2992674 3 3 3 3 3 3
"985" -0.1615861 0.3406677 1 1 1 1 1 1
"986" -0.0448166 0.3224264 2 2 2 2 2 2
"987" 0.2848212 0.5169925 3 3 3 3 3 3
"988" 0.7936626 0.5003621 1 1 1 1 1 1
"989" -0.2048527 -0.32903 2 2 2 2 2 2
"990" 0.7064761 0.6198672 3 3 3 3 3 3
"991" 0.7074642 0.5955657 1 1 1 1 1 1
"992" -0.1181299 -0.3126391 2 2 2 2 2 2
"993" -0.1049223 -0.368887 3 3 3 3 3 3
"994" -0.0615007 0.2367888 1 1 1 1 1 1
"995" -0.1107096 0.2851267 2 2 2 2 2 2
"996" -0.0158203 0.058592 3 3 3 3 3 3
"997" -0.1015521 -0.2284377 1 1 1 1 1 1
"998" -0.0089775 0.3113885 2 2 2 2 2 2
"999" 0.3142712 0.4943295 3 3 3 3 3 3
"1000" 0.7225178 0.5888472 1 1 1 1 1 1
