"V1" "V2"
-3.754424 0.297064
7.837204 6.366821
8.045335 2.45294
7.66036 2.480454
0.057023 0.147514
-1.648278 -3.33399
0.656548 0.692659
-0.319016 0.003544
7.767721 2.567814
0.30625 -0.183794
0.817883 -0.11209
0.032308 0.023372
6.477585 7.095666
6.896761 5.869651
-0.522947 0.710806
6.981945 5.886914
6.810662 5.242469
0.591385 0.896557
-0.037265 -0.167029
9.035347 2.048497
-0.555407 -3.311551
-0.187683 -0.152155
6.508883 6.251478
-3.523165 0.399491
0.514903 -0.019534
-3.493075 0.375682
-1.389395 -3.578524
-3.331755 -0.0398
-3.11384 -0.245339
7.209056 6.762478
-1.542122 -2.366302
6.583508 6.38698
7.086647 2.505626
7.198883 7.669215
-0.68821 -2.863879
0.333737 -0.525084
8.122049 1.823008
-0.30695 -1.0809
-0.907617 -3.257889
0.092196 -0.197458
8.697301 2.977696
-0.42213 -2.061284
-2.801287 0.124703
7.285529 5.764546
-3.368326 0.00212
8.074852 5.814458
-0.898908 -3.661424
-0.694332 -0.191234
-1.18319 -2.837401
-0.071886 0.090429
-1.472709 -3.454614
6.639447 6.863391
-0.987884 -2.406537
-1.500721 -2.857007
-1.532954 -3.050017
-3.102853 -0.197843
6.772265 5.844095
-0.903483 -3.227557
7.543761 2.290585
7.252405 7.413182
7.627511 6.620255
-2.617161 0.75684
-0.528182 -0.669551
-1.480596 -3.009489
6.792883 6.440291
-0.652745 -3.336862
-0.378861 0.155624
-0.318396 -3.680225
0.424766 0.500779
0.305236 0.160751
0.20625 -0.541464
-0.906993 -2.503993
-0.431285 -2.693731
-1.170275 -3.478511
-1.105598 -2.567656
7.025015 6.199273
-2.029482 -2.681475
7.740671 1.791319
8.535116 2.494787
0.623101 -0.105916
-4.14289 0.66381
0.026065 -2.559419
-3.737696 0.260525
8.033037 2.772898
-3.087698 -0.99529
-0.73546 0.326663
7.98758 2.435457
7.632394 2.87629
7.690837 2.350398
-0.482465 -3.331393
8.48766 2.120745
6.854402 6.149086
7.907751 2.136099
8.835551 1.769598
-1.137919 -2.814191
-1.061302 -4.253233
-3.757324 0.555175
-3.553794 0.074662
6.643427 5.634385
-3.429261 0.228759
8.150192 2.651069
-4.843183 -0.617906
-0.832631 -3.18211
-0.1786 -0.330921
-0.484035 -2.984403
8.193955 2.293949
8.501245 2.957665
7.571041 3.08299
1.136184 -0.263058
6.807103 5.812311
-3.089778 0.477553
7.086859 5.726595
-3.667419 0.095
6.431719 6.200388
-1.032762 0.325652
7.940735 2.092149
7.682248 2.498976
0.269149 0.275056
7.113893 5.538713
-3.33562 0.525064
6.813656 6.586557
7.823412 6.189201
-3.190465 -0.146124
0.408584 -0.231867
-3.280939 0.182544
-1.511504 -3.469727
0.655369 -0.466617
-1.754266 -2.662079
0.431142 0.454569
-0.303181 -3.276041
7.381147 5.86123
-3.442824 0.107983
8.128424 2.522934
-0.909997 -2.653998
-3.041123 1.063747
-1.452945 -3.503052
7.611719 6.406224
8.280682 2.520044
7.420559 6.156065
8.174907 2.693897
0.002443 0.009825
-3.559165 0.054234
0.703619 -0.364481
-0.776154 0.016308
5.464239 5.743995
-0.50352 0.105449
-0.154202 0.440977
-0.904654 -3.290262
-1.707606 -3.565561
-0.565946 -0.630373
-1.039992 -3.556781
-0.455665 -2.722439
-0.512828 -2.627868
-0.115627 0.341371
-4.60911 -1.348712
-2.831801 -0.00634
-0.587957 -0.718898
6.924571 6.121039
6.938723 5.914204
-3.883799 -0.03834
7.506381 5.713584
-3.711652 -0.449037
-3.078946 -0.43756
7.107455 6.822114
-3.334867 0.572472
0.370178 0.286521
-0.805278 -3.731847
-1.139382 -1.894073
-0.427522 -0.056733
-2.170492 -2.831649
7.851834 2.820329
-0.024301 -0.833804
-0.492047 -3.861725
-0.931727 -3.162604
-3.974297 -0.139049
6.643841 6.763334
0.334021 0.381486
-0.026825 0.408292
-3.386857 -0.348559
-0.806579 -3.236633
0.541674 -1.147272
-3.234229 0.544034
-1.206692 -3.517602
7.132349 5.494577
-0.500812 0.855304
-0.309475 -0.459794
0.645263 0.904914
-2.978282 -0.914548
7.194014 2.93574
7.440612 5.65415
-0.723874 -2.884822
6.5322 6.188972
0.732015 -0.242045
6.594237 7.24193
8.165807 2.765975
6.497682 5.082553
-1.263454 -3.178144
1.218164 -0.394659
-1.252405 -4.044281
7.366219 5.724766
6.386383 6.258808
6.395827 6.30967
0.160589 -0.073385
7.477632 5.977015
7.032925 5.410155
-1.389212 -3.376021
6.91116 6.226055
7.433903 2.780729
-0.226117 0.736954
-0.53514 -2.812322
-1.001827 0.648792
8.386506 1.854471
-1.456987 0.33625
7.105395 5.500774
-3.868795 0.442899
-1.062811 -2.824286
7.26347 6.490536
7.953013 2.293612
7.441739 5.989637
-0.658108 -2.621721
0.009077 -0.034213
-0.062891 -0.289851
7.999811 3.259707
8.974776 2.765884
8.320876 2.488779
7.501754 2.741129
-3.749286 0.237799
0.517759 0.914475
-3.377131 -0.267919
7.198207 6.071562
7.729428 2.796633
7.923801 5.955712
7.474794 5.878574
-0.518463 -0.358871
-3.996684 -0.674066
7.515309 2.353479
7.955272 2.538766
0.083715 0.325193
7.233785 5.790561
-3.40828 0.570962
-3.381915 0.563142
-4.042111 -0.044248
8.324533 2.950381
6.992241 5.839022
8.507665 1.79755
-0.30615 0.043404
7.768401 5.297889
-2.395781 -0.348792
0.281439 -0.152079
-0.758799 -3.014781
-1.126136 -3.132662
-0.550282 -0.10998
8.153999 1.879348
-4.144543 -0.146714
8.336939 2.653286
-3.169775 0.700515
0.35304 -0.011063
6.905883 1.397875
-0.522065 -0.705839
-0.248382 0.396837
-3.154209 0.837816
6.600043 6.139826
-0.463918 -0.077371
6.89486 6.033554
6.99507 6.683496
-0.999463 -3.918657
-0.23186 -3.21762
-0.4125 -2.9681
-0.577026 -3.314938
7.648153 5.955037
7.785092 6.825385
-0.872082 -3.095249
-3.725913 -0.468343
7.371276 6.042876
-0.389638 0.802047
7.098255 5.415184
0.261345 0.585817
7.402519 5.762496
-1.38026 -1.884064
-0.235121 -1.153758
-0.873609 -3.018021
6.927851 6.462081
7.212608 5.755179
8.118012 3.237064
6.716281 5.984312
6.888587 5.949845
6.293082 6.644673
-1.528309 -2.565246
0.174824 -3.388742
-4.425174 -0.290875
7.091806 5.720848
-3.255173 0.775744
6.691327 5.44383
-3.710912 -0.444286
6.573719 5.759524
0.444907 0.469069
6.624715 5.272177
0.033627 -0.963014
7.824052 6.584088
7.688179 2.264228
6.418764 5.594225
6.283108 5.463157
-1.455183 -2.640419
-0.299334 0.371103
5.474256 6.206297
-0.42865 0.814989
0.240453 -2.678474
0.076838 0.689054
-0.524185 0.663517
-0.891314 -2.758004
-0.570719 -3.348722
8.352681 3.389484
7.028153 5.257955
-1.284123 -3.132567
8.225847 3.018014
7.601394 3.119358
-0.753821 -3.55718
-0.164756 0.653
8.188285 3.391468
8.409397 2.70498
-2.398354 0.721452
-0.171708 0.124596
-1.073603 -2.801872
-1.240114 -3.035309
-2.972691 -0.51995
7.375201 6.716297
-0.029576 -0.737698
0.653387 -0.189755
8.123385 2.447052
0.443384 0.304775
8.334376 2.768482
7.910979 1.914394
-1.095733 -3.161678
-4.034538 0.618056
7.522808 1.513862
-2.895031 0.072791
0.709073 -0.37101
6.215105 5.746586
7.920051 3.116195
-1.689567 -3.205839
8.234748 2.77204
0.915009 0.157593
-4.098791 0.409023
-1.127479 -2.884782
0.24848 -3.108508
5.992569 6.302861
7.056473 2.433415
6.973655 5.745989
-2.645477 0.081679
8.001466 2.895766
-2.572278 0.191639
-0.590376 -3.339129
-3.696816 -0.304575
-0.972192 -3.366284
-4.166968 -0.647622
-0.248943 0.07951
-0.913714 -3.327797
-2.762427 0.235235
-3.085743 -0.843041
-4.004153 0.20915
7.29525 5.362095
8.597253 2.400817
-0.730371 -3.651787
-2.084068 -3.487438
0.574692 -0.271035
-3.573426 -0.258176
8.819993 2.732109
-3.554743 0.394369
-0.632681 -0.662002
-0.717543 -3.077351
7.706122 2.260691
6.926885 2.117937
8.685495 2.446105
-3.638758 0.125635
7.954992 2.117339
6.970315 6.341702
-1.697652 -3.417708
-0.233938 -0.038947
-1.282678 -2.622176
7.525085 2.467354
-3.70027 -0.594275
-0.339259 -0.186141
-3.747643 -0.432156
7.162837 6.966331
7.182066 5.95254
-4.351915 -0.363278
7.275742 5.705378
-0.086445 0.750429
0.441722 -0.169724
8.115463 3.265303
7.264163 6.3923
-3.396293 -0.481573
-0.658998 -3.254821
6.437538 5.214297
6.675128 6.201164
7.575489 6.107082
-0.053301 -0.180375
8.739366 2.745887
8.44043 2.79143
-0.391805 0.121396
7.386234 2.394443
-1.395515 -2.719675
7.631494 3.001831
-0.622244 -0.297392
-1.503188 -3.06749
-3.219973 -0.413714
8.480496 2.437701
-0.22355 0.218545
8.212477 2.03865
-2.087717 -2.720919
-0.397088 -3.593708
-0.908806 -3.221487
7.941146 2.383027
7.492815 1.828082
-1.953499 -2.377181
7.518022 6.301089
6.812308 5.668885
-3.80812 -0.478309
-0.350394 -2.179901
7.825764 3.191799
0.227002 0.251607
7.024079 6.245953
-0.307695 0.139183
6.813953 6.202178
-3.936882 -1.02018
8.375212 2.005918
8.517843 2.22728
7.003341 5.872639
-3.996704 0.589654
0.994723 0.334586
-1.05195 -3.57319
-3.547523 -1.121789
6.580458 5.774423
-0.068664 0.551886
7.261684 1.641982
0.091899 -0.230248
-0.156785 0.797836
7.417606 5.968476
-0.976631 -2.410688
-0.220323 -3.659213
0.563786 0.171897
7.799834 5.702147
-3.931721 0.088784
-3.539221 -0.195284
-0.829019 0.659005
7.316161 5.948761
8.192682 2.815485
-0.009252 -0.10062
8.171896 2.639322
8.462462 2.971547
-5.110685 0.213757
-0.189355 -3.605062
-3.38843 -0.052117
-0.709981 -1.666069
6.55928 6.585182
6.835872 6.670112
6.688094 5.781163
7.819206 5.910785
-3.019849 0.152048
-0.217902 -2.829227
-3.079486 -0.212007
-0.560632 -3.393186
-3.624213 0.12059
7.983278 6.679897
-2.549552 -3.288658
-1.121317 -2.804732
6.408331 5.397485
6.880511 5.601801
-3.567508 -0.543936
6.508926 6.570084
-3.37006 0.051432
7.110717 6.261532
-1.081587 -2.533216
-0.468636 -0.147337
-2.650191 -0.312233
7.093233 2.333637
-0.929782 -2.362675
-0.475775 -0.181685
7.360297 2.306192
7.724831 6.305836
0.649741 -0.587888
-3.758082 0.167366
7.974421 2.722589
8.694072 2.690601
6.540764 6.265183
0.846451 0.553129
7.942326 1.938912
0.319888 -0.248978
6.468983 5.928274
-3.957918 -0.330219
-0.331571 -2.706689
1.029477 -0.546349
7.157968 1.624432
-0.490921 -2.883391
0.841342 -0.010706
6.635769 5.965791
-3.238197 -0.170855
-3.71066 -0.200225
7.974021 2.592924
-0.032825 -0.147139
7.827367 2.436288
1.020869 1.164921
8.402058 2.178143
8.29489 2.698031
7.315664 4.815327
7.599348 2.299933
-1.46017 -3.306358
-2.833722 0.106921
7.978438 2.996718
-1.393482 -3.358551
8.086751 3.144753
7.933153 2.800169
7.678529 2.068515
-0.001665 0.069094
0.693426 0.378943
7.897406 1.582085
-3.39806 -0.236008
-1.323691 -3.480018
-4.494658 -0.121617
-3.478273 0.795122
7.702731 6.206207
7.475713 5.794369
-1.163856 -3.175134
7.202844 6.073262
6.630209 6.726323
-4.047312 -0.878209
0.276031 -2.888075
-2.829224 -0.070292
-0.257702 -1.87398
8.091326 2.4783
-1.921998 -2.427817
-3.799767 -0.589956
-0.12627 -0.220259
-3.338977 0.363696
7.323358 6.142895
7.757678 5.271245
-0.317451 0.010158
7.705092 5.552895
7.184674 5.199161
-0.417604 -2.58251
-0.32026 -0.966659
6.52517 5.655661
-3.504731 0.383241
6.29597 5.478465
7.237694 5.619918
8.188465 2.755146
-0.387771 0.195884
-4.07001 -0.180095
6.602712 6.422807
7.97713 2.085168
0.115385 0.330046
-3.382649 0.237718
-3.739726 -0.223997
-3.82615 0.066397
7.859242 2.934074
7.856104 6.880188
7.729987 2.00671
-1.345507 -3.032015
-0.19757 0.334182
7.56926 5.934108
-0.900309 -3.208264
-0.055407 0.162053
-1.699537 -2.068045
0.158854 0.469253
-0.838844 -2.577364
-0.60528 -0.367848
6.583862 6.382032
8.201508 2.14884
6.623238 6.937177
0.104471 -3.084496
0.385851 -0.589007
6.034046 5.91529
8.32729 2.488647
-3.601772 -0.586358
7.079248 4.790002
0.052233 0.863553
0.094668 -3.620406
-3.261339 -0.30319
8.096963 2.068097
1.103216 -0.00525
-3.692093 0.378345
7.88308 2.019414
6.912557 5.610114
7.771122 2.770547
7.831243 2.750741
7.417005 2.486938
-3.816184 -0.495781
8.263354 3.077965
-0.337614 0.362154
7.154862 2.022779
8.59617 2.348401
-2.425895 0.249027
8.160601 3.080604
0.209917 0.533173
-3.476713 0.377856
7.502679 2.636218
0.837956 0.453225
7.760077 6.572016
-0.327569 0.353045
8.262758 2.669785
-3.366801 0.151235
-3.526784 0.062036
7.525909 3.350379
-0.311664 -3.479869
0.044139 -0.200389
8.518332 2.791978
7.858596 5.715389
7.545038 2.318516
6.962367 6.711424
0.225503 0.415333
-0.640452 -3.496677
-1.654072 -2.694935
8.0948 2.132787
-3.426961 0.136083
6.197082 6.485911
-0.633456 0.025781
-3.439157 -0.151959
7.145599 2.211061
7.83718 1.787557
0.002075 0.21155
-1.32106 -3.204607
-0.490394 -3.113336
8.568491 3.015545
-2.036852 -3.435941
-1.537431 -3.278972
-0.517176 1.192078
7.803162 2.164282
0.23545 -0.618641
-3.453556 0.321384
-0.180887 -0.214551
8.136765 2.472403
-2.861809 0.417666
7.193818 2.091451
0.044826 0.146381
-3.714889 0.223227
-1.108288 -2.978793
-3.724442 0.354539
-3.148336 -0.164276
-0.048913 -0.166971
-3.243048 0.395566
7.647603 1.952438
-3.976426 0.155457
7.307511 5.574915
-1.181196 -3.608206
-4.029 0.67971
7.726995 5.884641
7.210735 6.097782
-2.174269 -0.287282
7.596837 4.94872
-1.365036 -3.079784
0.770413 -0.141022
-3.562586 -0.624941
8.079056 3.063544
-3.268304 0.190398
-3.069389 -0.154417
-3.972162 0.261529
6.462934 5.572883
-4.041452 0.089477
-0.610339 0.012867
-0.761647 -3.379778
-1.607258 -3.476439
7.937745 2.365929
-3.272126 -0.039317
-3.640108 0.596529
6.520893 7.054527
8.094548 6.345597
6.726949 5.564933
-0.354039 0.124917
0.105618 0.951027
8.303086 2.878126
7.255647 5.627241
0.077191 0.562409
-0.03953 -0.165806
7.260237 5.327794
0.079222 -0.141198
7.432032 2.764814
8.686465 2.586241
-4.236264 0.715713
-2.998759 0.504551
8.060889 6.754881
5.789973 5.520458
0.140176 -0.057009
0.229748 -0.107463
-1.604651 -2.678385
7.355774 5.331135
6.888338 6.21306
-0.196273 -2.672917
8.43347 2.526108
-3.774376 0.336603
-0.103762 -2.650766
6.50604 6.313721
0.001008 -0.281213
6.386859 6.125076
7.591136 2.400843
-1.388483 -3.148708
6.671348 6.038926
-0.844855 -3.044167
0.295827 0.023891
-0.474653 -3.379912
-0.326436 -0.436677
6.755732 2.469575
7.384757 5.503711
0.88725 0.963516
8.388237 1.788512
7.971282 2.329706
-0.085707 0.022263
-3.887504 0.050308
-3.883817 0.274486
7.680305 2.08916
-3.741315 0.1104
-3.369363 0.175728
6.566606 6.569512
-3.821239 -0.758221
7.606849 3.3891
-2.510918 -0.321313
-2.771622 -0.06303
-3.701662 -0.610834
0.012392 0.090149
-1.072922 -2.75148
-4.205826 0.002934
-0.367335 -2.64369
7.259058 2.584717
-1.095661 0.418834
-0.640115 -3.615647
-3.65254 -0.243221
-1.806968 -3.548742
-2.942109 -1.056423
-3.851939 -0.142344
-1.777016 -2.947716
-1.986981 0.076169
0.715461 -0.454365
7.650288 2.328227
-3.27838 0.340398
7.435559 2.034245
7.037775 6.077808
7.125521 5.127228
6.552262 6.153902
-0.247245 -2.003433
-1.62646 -2.827469
-0.087452 0.888321
-2.26549 0.444941
-0.882159 -3.78172
-0.616567 -0.589659
-1.274546 -2.581167
7.196047 5.728093
-4.055441 -0.451399
-2.971204 0.253885
-2.156941 -3.401627
-3.952524 0.264749
-1.291895 -3.178685
6.952393 6.272446
7.216084 5.597758
0.861986 0.496372
-0.208175 0.744557
-4.004099 -0.353269
-3.639644 -0.761683
-1.704591 -2.699229
0.227794 0.263954
1.018145 -0.737076
0.28798 0.781108
-0.154596 -3.810087
6.786976 6.348477
0.230653 -0.222327
-2.910195 0.048436
5.781084 4.575819
-1.060917 -0.485309
-2.935934 0.945275
0.366659 -0.057351
-0.807962 -3.644271
7.445836 1.258416
8.486576 3.14872
-1.007156 -3.29717
-3.089648 0.788834
-0.78959 -2.842486
-4.499122 -0.46925
8.422016 2.035444
-0.527807 -3.033363
7.656561 6.871894
0.466793 0.197004
-0.091438 -0.157391
7.723671 1.879828
6.435581 5.13125
6.801916 5.721741
6.891846 6.344794
-3.242231 0.592561
-0.140099 -0.820181
6.533896 6.025723
-0.195171 0.195057
-3.813421 0.559435
7.308554 5.825471
-1.534657 -3.60695
7.715241 5.913756
-3.252629 -0.338232
6.969763 5.424568
0.485401 0.634758
0.522498 -0.280348
-0.047562 -0.302801
-0.965287 -2.970251
0.212294 -0.771951
-0.922407 -2.530678
-3.533181 0.190647
-1.301004 -2.923294
6.984224 5.519556
-3.27547 0.581326
6.823515 5.489048
-0.30846 -0.33098
-2.971084 0.43052
-3.757896 -1.137453
7.497593 3.419127
-0.475366 -0.552696
-3.232133 -0.044898
-0.169707 -0.483526
7.720991 5.451228
8.418494 1.849795
6.817407 5.668646
-1.100297 -3.705975
-1.000277 -2.498086
7.900497 2.627526
6.822689 6.038297
-0.985576 -2.734971
-4.343896 -0.180916
-3.180127 0.990139
-0.314095 -3.520552
0.101115 0.09286
8.363865 2.3547
7.774898 2.473116
7.150048 5.686777
-1.514282 -3.07744
7.632056 2.757781
0.613222 0.196212
-7.6e-05 0.535906
7.777652 3.611625
-0.929797 -4.522009
8.070794 2.869028
8.001609 1.749434
-0.243655 -3.060731
-0.621447 -2.510931
6.105189 5.317606
6.544346 6.011864
8.84125 2.411524
-0.591194 -3.094183
-0.670466 -2.920537
-0.812956 -3.142927
6.180669 6.674868
-3.454018 -0.302974
-0.647006 -3.552171
-0.644655 -2.873088
-0.518829 -3.457401
-3.523116 0.145194
8.174691 2.35256
-0.269336 0.158036
8.268553 3.504319
-0.263561 0.581886
6.51821 6.254532
7.485855 6.546093
6.831146 5.590564
-3.511176 -0.336485
-3.186393 0.122627
7.904707 2.288308
-2.905704 0.325073
8.316744 2.605399
-0.197955 -0.362453
-0.500962 0.029723
6.216713 6.040069
7.495338 4.989489
-3.256799 0.1452
6.624487 6.780547
0.153516 -0.470435
-3.996035 -1.205071
-1.935852 -2.833614
6.526917 6.386332
-0.405845 -0.538232
8.766251 2.796196
8.297771 1.848698
-1.735994 -2.857588
7.634692 1.981018
7.442865 2.503282
7.478036 6.234913
7.664225 5.176447
8.097032 1.444001
-0.283294 -3.672951
7.692615 2.953991
6.630364 6.066714
8.143144 2.71071
-0.499989 -0.704664
6.729997 5.467681
-4.265855 0.372926
9.076231 2.955935
-3.635149 -0.731131
-2.867939 -0.979089
-4.285556 0.664284
-3.261979 -0.015998
0.276399 0.694604
0.148957 -0.113443
-3.403446 -0.454998
-1.262419 -2.889316
8.23701 1.310754
-0.460636 -0.596257
-3.812593 -0.451861
-1.682108 -3.019901
7.654928 2.101784
-3.776572 0.348103
-0.897815 -3.752665
6.551577 6.098185
0.038107 -0.929745
8.410862 2.256654
0.298274 0.826564
7.697455 2.048555
8.119962 2.585344
8.388853 3.462471
6.868734 6.100771
0.093658 0.627441
8.453983 2.26222
-0.032001 0.214697
-0.406657 -3.386585
0.134711 -0.836282
0.593021 -0.25995
-0.692156 -2.794906
-1.375246 -3.042951
8.267562 2.594723
6.34324 6.206949
-3.272159 0.269153
-3.827445 -0.089046
8.142296 3.106409
-1.993841 -3.389515
7.53286 3.053473
6.766235 7.061077
-2.982921 -0.36958
-3.902888 -0.396023
7.843113 2.292133
-3.664129 -0.287897
0.640345 -1.377884
-0.861829 0.675163
-0.837405 -2.815322
0.233244 -0.618626
7.101257 6.08861
7.408318 6.951601
8.234251 2.59026
7.57635 6.502206
-0.598646 0.853871
-0.273535 -2.967844
-2.680716 0.712445
8.184723 2.547909
-3.464815 -0.571109
-3.698566 -0.06631
-0.874091 -2.669378
8.432362 3.437601
7.884202 1.391398
-0.825258 -4.293408
-0.631835 -0.047986
0.004577 -0.37802
0.005293 -0.291872
-0.869895 -2.737556
7.827906 1.411967
7.933802 2.708863
-3.394264 0.09853
-2.926793 -0.643381
-4.064375 -0.945348
0.493388 0.968796
7.905531 5.646539
-1.22379 -2.881456
8.013727 5.626421
-0.759744 -2.379476
8.182647 3.223353
0.674562 -0.391675
7.470531 2.507985
-3.342566 -0.345334
0.551912 -0.128639
-0.716805 -3.175825
6.690698 6.974221
-3.170296 0.275269
-0.696735 -3.348776
7.922892 5.999628
7.089451 6.273053
-1.479921 -3.117346
-0.552865 -3.226021
-1.049275 -3.440139
-0.132341 -0.032685
6.081054 6.160812
-1.432812 -2.452099
-4.403188 1.347446
-1.546194 -3.258964
-4.112482 -0.47066
-3.874022 -0.00736
-4.115861 0.406677
-2.948166 0.224264
7.848212 2.669925
7.936626 5.003621
-2.048527 -3.2903
7.064761 6.198672
7.074642 5.955657
-1.181299 -3.126391
-1.049223 -3.68887
-3.115007 -0.632112
-3.607096 -0.148733
-0.158203 0.58592
-1.015521 -2.284377
-2.589775 0.113885
8.142712 2.443295
7.225178 5.888472
