0.11654 1.00667
-0.0378983 -1.05873
0.0728928 -1.16516
0.292066 -0.820894
-0.86196 0.133582
0.19851 0.842948
0.342421 0.935385
0.811865 -0.60317
-0.926678 -0.371136
0.697659 0.634091
-0.156632 -1.00605
0.92287 0.666757
0.644111 0.679401
-0.206576 0.828057
-0.240037 0.885258
-0.887292 0.405029
-0.37472 -0.895837
0.938187 0.274721
0.414687 0.91706
-0.77961 0.873299
-0.684378 -0.709217
-1.10813 0.150351
0.804783 0.548512
-0.782602 0.43508
1.04976 -0.129691
0.702474 0.85796
-0.830324 0.677255
0.813042 0.242703
-1.11825 0.00777089
0.896712 0.244121
0.0461645 0.925715
-0.726012 -0.526057
-0.854028 -0.313351
-0.427579 -1.00146
0.406692 0.872317
-0.412224 -0.95571
0.948465 -0.215393
0.622013 -0.449088
-0.755175 -0.735267
0.335867 -0.937761
-0.0371479 1.0007
-0.0604028 1.10117
0.577466 0.78716
-0.757151 0.62655
-0.728066 -0.60388
-0.4172 -0.854527
0.908551 0.509809
0.173269 -0.979039
1.06088 -0.1286
-0.491092 0.744134
-0.87226 -0.721007
-0.0924657 -1.01787
0.891993 -0.223835
0.817328 0.00128128
-0.867934 -0.753868
-0.982096 -0.186612
-1.03427 -0.568253
1.0159 0.152115
-0.32539 1.01591
0.823447 -0.319392
-1.01547 -0.248819
0.767533 0.398031
-0.901188 0.262391
0.666448 0.609466
-0.193589 0.93392
-0.0275008 0.919004
-0.123272 -0.823873
-1.09554 -0.00244149
1.10646 -0.142273
-0.443309 -0.954841
0.1296 -1.00288
-0.48826 -0.901169
0.549936 0.902797
0.800416 0.659301
1.04184 -0.0968777
-0.421853 -0.907132
-0.435735 -1.13415
1.11161 0.547956
0.158213 0.857454
0.360379 0.932681
-0.836014 0.475447
0.349099 0.897884
-0.370038 0.81511
0.980927 -0.432218
-1.01372 -0.09421
-0.554015 -0.716186
-0.098966 1.03241
-0.547978 -0.992392
0.386341 0.882825
-0.649766 -0.76332
-0.505358 0.90983
0.147029 -1.08251
0.963536 0.0743627
-0.0745681 -0.890292
-0.811239 -0.788889
0.902945 0.212587
-0.594726 0.874144
-0.94977 -0.191172
0.504256 -0.885836
0.93526 -0.0180505
0.576542 4.98013
-0.18099 -5.05617
0.322645 -5.15736
1.63289 -4.58947
-4.81477 0.746166
1.11541 4.73644
1.71748 4.69161
4.02271 -2.98864
-4.63994 -1.8583
3.65772 3.32445
-0.771978 -4.95844
4.16519 3.00927
3.39614 3.58221
-1.17479 4.70911
-1.28683 4.74586
-4.52611 2.06607
-1.91829 -4.58601
4.77699 1.39881
2.06279 4.56175
-3.44344 3.85725
-3.46195 -3.5876
-5.07181 0.688145
4.11008 2.80129
-4.27866 2.37868
5.01958 -0.620137
3.23652 3.95289
-3.92999 3.2055
4.64591 1.38686
-5.11815 0.0355668
4.75624 1.29484
0.245393 4.92075
-3.96509 -2.87305
-4.60924 -1.69117
-1.99824 -4.68019
2.09691 4.49767
-1.99645 -4.62861
4.84915 -1.10123
3.86509 -2.79056
-3.62113 -3.52567
1.6846 -4.70352
-0.185534 4.99794
-0.279486 5.09517
2.9435 4.01236
-3.83885 3.17668
-3.80685 -3.15752
-2.17211 -4.44901
4.39691 2.4672
0.870351 -4.91783
5.03181 -0.609954
-2.69435 4.08265
-3.95534 -3.26947
-0.454346 -5.00146
4.7717 -1.1974
4.81732 0.00755184
-3.88783 -3.37688
-4.91178 -0.933308
-4.53998 -2.49438
4.9718 0.744448
-1.54551 4.82528
4.55275 -1.76588
-4.90054 -1.20077
4.31846 2.23948
-4.74171 1.3806
3.61825 3.30888
-1.00547 4.85066
-0.147146 4.91721
-0.71518 -4.77984
-5.09553 -0.0113558
5.0738 -0.652408
-2.12772 -4.58289
0.642249 -4.96989
-2.39377 -4.41813
2.63085 4.31891
3.88788 3.20244
5.02466 -0.467228
-2.10855 -4.53412
-1.87029 -4.86805
4.6994 2.31651
0.884019 4.79105
1.80206 4.66384
-4.31306 2.45286
1.7986 4.62601
-2.02352 4.45736
4.64135 -2.04508
-4.99655 -0.464356
-3.00146 -3.88004
-0.480654 5.01416
-2.48151 -4.49403
1.98998 4.54729
-3.24255 -3.80922
-2.44763 4.40663
0.685374 -5.04612
4.95168 0.382155
-0.408427 -4.87633
-3.67889 -3.57754
4.79649 1.12927
-2.84476 4.18131
-4.87112 -0.980469
2.48308 -4.36208
4.93452 -0.0952359
