-0.518764468798528 -0.416953915373395
0.200383796170797 -2.30277676169129e-21
-0.1254641182799 0.997689224697255
0.201923076923077 0.00561531421399422
0.203332793984634 0.0113161854979945
0.204610033479392 0.0170989286307925
0.205751967763882 0.0229597504526085
0.206755858489701 0.0288947523497725
0.207619059607135 0.0348999328414714
0.187329985845733 -0.766984218946906
-0.659401211268792 0.757500509545887
0.208339020307267 0.0409711902668479
0.208913287899899 0.0471043255706534
-0.492566346092342 -0.462440933073362
0.209339510624668 0.0532950451855735
0.209615440392791 0.0595389640092585
0.209738935456904 0.0658316084740118
-0.592386727616998 -0.203862616252645
-0.695309864056079 0.722320073538607
0.209707963006534 0.0721684197070088
0.209520601686758 0.0785447567788369
-0.395881416394709 0.930685504860095
0.209175044037702 0.0849559000380734
-0.571778066333049 0.14556706371582
-0.581293882517808 -0.254606080475147
-0.329378542789109 -0.643511638615817
0.801535184683186 -3.25761845925763e-16
0.208669598852547 0.09139705452954
0.20800269345179 0.097863353493798
0.272456793022224 0.927637709372688
-0.990480402956363 0.110527170783489
0.207172875871572 0.104349861945376
0.206178816963914 0.110851580327156
-0.307315094498388 0.96325039829873
0.205019312406807 0.117363448238259
0.20369328462214 0.123880348232736
0.202199784599522 0.130397109686254
-0.0471901065071808 -0.316713733714414
0.200537993624126 0.136908512727971
0.198707224906747 0.14340929223466
0.196706925114352 0.149894141884146
0.18828372307012 0.960136274140019
0.194536675799448 0.156357718265023
0.192196194726695 0.162794645039574
0.189685337095248 0.169199517156778
0.355146117934516 -0.144241672007089
-0.209738935456904 -0.0658316084740118
0.0797799590673889 0.535438687937075
0.187004096655405 0.175566905112219
0.184152606718191 0.181891359251673
0.181131141056626 0.188167414115099
0.803868153124005 0.089703211070657
-0.284841192705051 0.96980305979872
0.177940114697474 0.194389592817737
0.126280481529937 0.517029540450816
0.174580084602362 0.200552411464931
-0.162265300771821 -0.737487797665773
0.392364217596241 -0.0437837101654396
0.171051750237248 0.206650383597313
0.167355954029299 0.212678024662902
0.712114507971386 0.486164922748305
-0.543497246275498 0.84980280352082
0.0037871182850884 -0.333374930086989
0.285112235885958 -0.241496691979235
-0.424120402218468 0.398181150810065
-0.20800269345179 -0.097863353493798
0.163493681710307 0.218629856512669
-0.48310164359837 -0.477169539855037
0.0347360115042213 -0.338319581580353
0.159466062545899 0.224500411916066
0.155274369449834 0.230284239093007
0.150920018982804 0.235975906258762
-0.580823935402078 0.114222712259091
0.392402244384228 0.184621645598229
0.146404571235235 0.241570006178187
0.64534747081081 0.605877947053933
-0.88705006006983 0.446793775090062
0.141729729593658 0.247061160725704
0.230817303988493 0.945034126916723
-0.209520601686758 -0.0785447567788369
-0.205019312406807 -0.117363448238259
-0.0259130236191135 -0.32504597758414
0.680878365298068 0.547252013927581
0.13689734039034 0.252444025447446
0.463842751397424 0.808563798738667
0.131909392435926 0.257713294121922
-0.200537993624126 -0.136908512727971
-0.97540541325675 0.191819663522061
-0.529595510277962 0.249169814923925
0.126768016434945 0.262863703315598
-0.0340768884905555 0.999493090007363
0.121475484284137 0.267890036929733
0.459579211312405 -0.647007398317109
0.116034208253621 0.272787130734856
0.156196305964486 -0.323885634442433
0.11044674005105 0.277549876889195
0.104715769768951 0.28217322843746
-0.597190016978493 0.033235725911433
-0.167355954029299 -0.212678024662902
0.0988441247155866 0.286652203786287
0.0928347681297213 0.290981891152741
-0.946909605665729 0.297210350022378
0.317148977214319 -0.204526973412001
-0.148349008854066 0.995635991621555
0.0866907977797983 0.295157452982219
0.0804154444481125 0.299174130332148
0.074012070300658 0.303027247217862
0.797320719719275 -0.04437370376379
-0.554888602936174 -0.337467155530556
-0.452573849892746 -0.519903385135204
-0.0608353545659771 -0.310224536229356
0.0674841671434206 0.306712214917074
0.0608353545659771 0.310224536229356
0.054069377973353 0.313559809687101
0.616032806698252 -0.495132774505907
0.345195959345524 -0.162411522819494
0.0471901065071808 0.316713733714414
0.0402015308572919 0.319682110730458
0.240623450727036 -0.75421168339015
0.0331077609649609 0.322460851193774
0.0259130236191135 0.32504597758414
0.0186216599468942 0.327433628318584
0.0112381228000772 0.329620061598173
0.00376697403889115 0.331601659182271
-0.0037871182850884 0.333374930086989
-0.0114193828452397 0.334936514204595
-0.0191249480535669 0.336283185840708
0.47515351247058 -0.635393020489945
0.368585335104413 -0.115689370774183
-0.602882951306758 0.806197595890468
0.14861279619394 0.505984205112375
-0.434279587560174 0.38737784191157
-0.0268988451698406 0.337411857166145
-0.373968786488643 0.939774144554642
0.803166988748454 0.112244999512577
-0.0347360115042213 0.338319581580353
-0.594647909799482 0.0496937613332408
-0.0426312937113041 0.339003556983398
-0.0505794511734424 0.339461128953571
-0.315410898034567 -0.654029928487617
0.2713392775 -0.254744136829494
0.0563682679473552 0.991150442477876
0.378529393007025 -0.6980229378336
-0.0585751594711324 0.339689793827693
-0.066613013938165 0.339687201681306
-0.074687533299179 0.339451159205975
-0.061120936145083 -0.76668453408433
-0.566631294173553 -0.304648049430575
-0.0827931633871767 0.338979632480998
-0.0909242809384909 0.338270749636917
0.264270948602079 -0.261025911653374
0.563219985482259 -0.556304092256738
0.334499898850545 -0.179843123327973
-0.0990751974626266 0.33732280340825
-0.107240163184333 0.336134253572994
0.36176348344703 -0.706782567112817
-0.13689734039034 -0.252444025447446
-0.115413371055194 0.334703729276474
-0.403162862351844 0.418824244320705
-0.123588960831959 0.333030031237234
-0.131761023218796 0.331112133832724
0.196288613646347 -0.306913448631028
0.804053490938547 0.0671934461038178
-0.216859233741778 0.985614533329024
-0.139923604070544 0.32894918706262
-0.148070708654037 0.326540518387723
-0.156196305964486 0.323885634442433
0.746988948519624 -0.257067071657083
0.401047345311766 0.138015517979827
-0.0783369426110826 -0.762981139709858
-0.164294333093848 0.320984222618921
-0.172358699648079 0.317836152521182
-0.18038329221011 0.314441477287259
0.490489777217945 -0.623320499955424
-0.188361978845333 0.310800434778033
-0.196288613646347 0.306913448631028
-0.20415704131367 0.302781129177843
-0.211961101769083 0.298404274223839
0.530893226860881 0.74740509805597
-0.219694634798225 0.2937838696889
-0.227351484719048 0.288921090108094
0.180817346635921 0.487240981662358
-0.234925505072677 0.283817298991246
-0.242410563333215 0.278474049040478
0.562063392777646 0.714277139433898
0.405629759234603 0.0797696658983326
-0.249800545632992 0.272893082224901
-0.585389152019181 -0.237754281401515
-0.257089361499727 0.267076329711754
0.211324215263528 0.466033555368886
-0.264270948602079 0.261025911653374
0.403703811126856 0.114667634388202
-0.381407445978408 0.438149535875614
0.352654503320897 0.886211887611113
-0.2713392775 0.254744136829494
-0.278288356396318 0.248233502144483
-0.285112235885958 0.241496691979235
-0.291805013699172 0.234536577397535
0.100951533434144 0.9832412839679
-0.298360839435192 0.227356215206826
-0.304773919282646 0.219958846873431
-0.311038520723134 0.212347897292363
-0.317148977214319 0.204526973412001
0.394833423979764 -0.0329955888422326
-0.323099692848911 0.196499862713994
-0.328885146985919 0.188270531548874
-0.171219696915618 0.992939397342486
-0.334499898850545 0.179843123327973
-0.339938592099129 0.171221956572343
0.379290943779157 0.230673751881645
0.400767592341593 -5.42955599682619e-17
0.291805013699172 -0.234536577397535
0.791880552594987 0.224924975146088
-0.345195959345524 0.162411522819494
0.169468666927578 -0.770226741954674
-0.350266826645346 0.153416484388871
-0.355146117934516 0.144241672007089
-0.359828859418563 0.134892082294089
-0.364310183909161 0.125372875111446
0.0312038626137144 0.548672566371681
-0.368585335104413 0.115689370774183
-0.372649671809406 0.105847047127571
0.266656229859188 0.41693902455536
0.691774689663897 0.527144498975118
-0.604363278662203 -0.0844615837916427
-0.37649867209362 0.0958515364904717
-0.576801795316666 -0.27137993770266
-0.909203252143239 0.398230023307282
0.0191249480535669 -0.336283185840708
-0.202199784599522 -0.130397109686254
0.399038461538461 -0.0110969304705125
-0.380127937381771 0.0857086224669031
-0.383533196474742 0.0754242366276062
-0.386710309497259 0.0650044550635041
-0.369582271288947 -0.609816966815666
0.730486262093191 0.444260559179466
-0.116034208253621 -0.272787130734856
-0.472600967345778 0.341081559909461
0.249800545632992 -0.272893082224901
-0.898394612142838 0.422686399132787
-0.875178614665004 0.470537826983102
-0.389655271769052 0.054455494813033
-0.392364217596241 0.0437837101654396
-0.394833423979764 0.0329955888422326
-0.397059314237711 0.0220977480590758
-0.399038461538461 0.0110969304705125
0.339785221373874 0.31900391909279
-0.400767592341593 5.42909544147385e-17
-0.40224358974359 -0.0111860624421631
-0.403463496725416 -0.0224541633503511
-0.40442451929911 -0.0337971011218009
-0.47327814276086 -0.491663243333002
-0.40512402955059 -0.0452075706586245
-0.405559568575952 -0.0566781680707077
-0.405728849308599 -0.0682013954764632
0.767057460572478 -0.195282590941169
-0.571913854518707 -0.288064407623855
-0.405629759234603 -0.0797696658983326
-0.405260362993789 -0.091375308249839
-0.60115138851239 1.62877468797739e-16
0.323099692848911 -0.196499862713994
-0.404618904864098 -0.103010572410922
0.293232865398694 -0.736886807647336
-0.76242066649861 0.645788028998043
-0.403703811126856 -0.114667634388202
-0.402513692310677 -0.126338601556743
-0.603594199466198 -0.0335921412027081
-0.189685337095248 -0.169199517156778
-0.0988441247155866 -0.286652203786287
-0.401047345311766 -0.138015517979827
-0.343068033749286 -0.632630810759864
-0.399303755388532 -0.149690369803146
-0.0445028014328252 0.558231135416241
-0.463383427618373 0.35310633423715
0.114874733957621 0.522100006291423
-0.584820099198723 0.0983059176984963
-0.563588452077175 0.835846497448692
-0.397282098028442 -0.161355090719794
-0.394981740685177 -0.173001567502344
-0.392402244384228 -0.184621645598229
0.258251701569047 -0.74894101798498
0.738923771799532 0.422997428025393
0.802884615384615 0.0223275588985007
0.591570732537938 0.679578871970341
-0.389543365195139 -0.196207134784616
-0.386405055568734 -0.207749814878865
0.383533196474742 -0.0754242366276062
-0.599898299103527 -0.15272609963627
-0.382987465537715 -0.219241441500637
-0.379290943779157 -0.230673751881645
0.731360225915995 -0.29704005337053
-0.37531603853747 -0.242038470719005
0.164294333093848 -0.320984222618921
-0.589086909090306 -0.220835982827454
-0.371063498406546 -0.253327316068082
0.59027081872403 -0.526522181678656
0.514705780213338 0.763349607363857
-0.0797107139587943 0.99986969191643
-0.366534272969879 -0.26453200527069
0.0678124723801575 0.539243999968411
-0.287754299478032 0.50160902329158
-0.80825506347204 0.583326985981522
-0.361729513297534 -0.27564426091447
-0.356650572298988 -0.286655816819209
-0.576475012475661 0.129979605146089
-0.622058923467394 0.79052020487909
-0.286672749803065 -0.673944675933172
-0.00376697403889115 -0.331601659182271
-0.351299004930912 -0.297558424045843
0.0990751974626266 -0.33732280340825
-0.602564102564103 -0.0167568106703319
-0.345676568259104 -0.308343856923865
-0.339785221373874 -0.31900391909279
-0.333627125158281 -0.329530449553355
0.411539678899044 -0.679047395415512
-0.327204641908743 -0.339915328724051
-0.320520334807629 -0.350150484498617
-0.209339510624668 -0.0532950451855735
-0.313576967247554 -0.360227898300068
-0.306377502007224 -0.370139611126832
0.40512402955059 0.0452075706586245
-0.298925100278748 -0.379877729586568
-0.358920630968496 0.456120795031759
0.066613013938165 -0.339687201681306
-0.291223120546484 -0.389434431913193
-0.28327511731756 -0.398801973962701
-0.275084839704335 -0.40797269518329
-0.266656229859188 -0.41693902455536
0.576901526936937 -0.541618164790636
-0.25799342126209 -0.425693486496927
-0.24910073686158 -0.434228706730025
-0.239982687069813 -0.442537418103655
0.795177693342956 0.202441626861619
-0.230643967612517 -0.45061246636887
-0.221089457234756 -0.458446815901608
0.652089530287974 -0.445185503972586
-0.211324215263528 -0.466033555368886
-0.201353479028343 -0.473365903334014
-0.191182661140999 -0.480437213796501
-0.180817346635921 -0.487240981662358
-0.793428603984736 0.604606572297799
0.230643967612517 0.45061246636887
-0.170263289972513 -0.493770848140541
0.801948428711529 0.134804320746446
-0.159526411901073 -0.500020606061319
-0.14861279619394 -0.505984205112375
-0.595288449164449 -0.186845594639475
-0.198707224906747 -0.14340929223466
0.144959664187805 0.972888596382399
-0.137528686243647 -0.511655756988502
-0.599358974358974 0.0166676786986816
-0.054069377973353 -0.313559809687101
-0.126280481529937 -0.517029540450816
-0.114874733957621 -0.522100006291423
-0.103318144067358 -0.526861782199577
0.0909242809384909 -0.338270749636917
-0.0916175571215147 -0.531309677525366
0.605680775027938 0.661672267860376
-0.0797799590673889 -0.535438687937075
-0.0831693037336503 0.558186083176233
-0.0678124723801575 -0.539243999968411
-0.0557223517880217 -0.542720995451816
0.0978531767570347 -0.778127335459302
-0.0435169798820982 -0.545865255834235
-0.0312038626137144 -0.548672566371681
-0.0263431265636221 -0.772657778800018
-0.0187906246818496 -0.551138920199095
-0.00628500481355108 -0.553260522272024
0.619351643612978 0.643411157941953
0.00630514905974817 -0.555033793176742
0.018971884727012 -0.556455372805518
0.031707150720387 -0.557522123893805
0.0621067576958097 -0.779050413666336
0.0445028014328252 -0.558231135416241
0.446153380428758 0.822724203416073
0.657659030586815 0.586632536458039
0.0114193828452397 -0.334936514204595
0.057350602327282 -0.558579725838395
-0.204610033479392 -0.0170989286307925
0.0702422352341694 -0.55856544622135
0.0831693037336503 -0.558186083176233
-0.997451422460057 0.055511681616147
0.0265243866087842 -0.77797423140644
0.628406015801555 -0.478856453267474
0.096123338619294 -0.557439661665957
0.371992020577788 0.87452344853233
0.109095803439545 -0.556324447651527
-0.194061382442307 0.989598939591969
-0.131909392435926 -0.257713294121922
-0.53436132103301 -0.38565471830672
0.122078100113379 -0.554838950580325
0.135061574616455 -0.552981925713952
0.640428015408908 -0.462204272945492
0.148037522734026 -0.550752376293272
-0.453918910198712 0.364834675951721
0.160997195876768 -0.548149555538407
0.173931806955685 -0.545172968481572
0.18683253631212 -0.541822373630727
0.19969053769893 -0.538097784462132
-0.206755858489701 -0.0288947523497725
0.212496944308745 -0.53399947074003
0.783726109922229 0.269709714525464
0.225242874845265 -0.529527959661778
0.80372490220698 0.0447301190550648
0.237919439633428 -0.524684036826875
0.669504625339347 0.567085982058382
0.250517746764297 -0.519468747028443
0.148070708654037 -0.326540518387723
0.26302890827044 -0.513883394865869
0.397059314237711 -0.0220977480590758
0.275444046327552 -0.507929545177391
0.123588960831959 -0.333030031237234
0.287754299478032 -0.50160902329158
-0.460498058623622 0.899681739359764
-0.095423413903023 -0.758805889206363
0.299950828872188 -0.494923915096773
0.170263289972513 0.493770848140541
0.31202482452273 -0.487876566927626
0.28327511731756 0.398801973962701
0.323967511568172 -0.480469585268126
0.335770156540744 -0.472705836270474
0.172358699648079 -0.317836152521182
0.347424073634402 -0.464588445089423
0.358920630968496 -0.456120795031759
0.188361978845333 -0.310800434778033
0.370251256842652 -0.447306526520766
0.0827931633871767 -0.338979632480998
0.313101620486367 0.908008136849047
0.381407445978408 -0.438149535875614
-0.207172875871572 -0.104349861945376
0.392380765743147 -0.42865397390578
0.103318144067358 0.526861782199577
0.7944623956192 -0.06639193382425
0.403162862351844 -0.418824244320705
0.151578592940927 -0.772961693621748
0.413745467042169 -0.408665001955057
0.424120402218468 -0.398181150810065
0.434279587560174 -0.38737784191157
-0.413745467042169 0.408665001955057
-0.104715769768951 -0.28217322843746
0.77887006279208 0.291981595851764
0.444215046090175 -0.376260470985505
0.674295011162945 -0.410086670011815
0.453918910198712 -0.364834675951721
-0.057350602327282 0.558579725838395
-0.126768016434945 -0.262863703315598
0.0585751594711324 -0.339689793827693
0.463383427618373 -0.35310633423715
0.123034355425889 0.978367778444315
-0.954914784011602 0.271233058264401
0.0435169798820982 0.545865255834235
-0.184152606718191 -0.181891359251673
0.32776817061282 -0.722827555266026
0.371063498406546 0.253327316068082
0.746857532778373 0.401546283982284
0.472600967345778 -0.341081559909461
0.481564025505555 -0.328766700632474
0.389543365195139 0.196207134784616
0.702188369096141 0.506777431342751
0.490265231152266 -0.316168334444753
0.0426312937113041 -0.339003556983398
0.788063206018221 0.247352587722206
0.498697352005928 -0.303293266362904
-0.549612013120337 0.206037695318398
-0.181131141056626 -0.188167414115099
-0.256918923502892 -0.692308734887255
0.506853300116827 -0.290148524811252
-0.209615440392791 -0.0595389640092585
0.514726137455365 -0.276741357879682
0.522309081422696 -0.263079229411582
-0.141729729593658 -0.247061160725704
0.529595510277962 -0.249169814923925
0.536578968477977 -0.235020997361674
0.543253171925256 -0.220640862688809
-0.0804154444481125 -0.299174130332148
0.405559568575952 0.0566781680707077
-0.0331077609649609 -0.322460851193774
0.549612013120337 -0.206037695318398
0.555649566214393 -0.191219973384264
0.561360091958185 -0.176196363856914
-0.0112381228000772 -0.329620061598173
0.566738042543471 -0.160975717506514
0.571778066333049 -0.14556706371582
-0.208913287899899 -0.0471043255706534
0.166713915417839 0.966809413201894
0.576475012475661 -0.129979605146089
0.0557223517880217 0.542720995451816
0.205150764529559 -0.763234002949627
-0.208339020307267 -0.0409711902668479
0.443777981822674 -0.658158041358409
0.327204641908743 0.339915328724051
0.580823935402078 -0.114222712259091
-0.418952559382662 -0.560239007313716
0.0916175571215147 0.531309677525366
0.242410563333215 -0.278474049040478
-0.441703253777198 -0.533628838656352
0.584820099198723 -0.0983059176984963
0.588458981855303 -0.0822389105339682
0.591736279382948 -0.0660315303714556
0.594647909799482 -0.0496937613332408
0.275084839704335 0.40797269518329
0.391021677222312 0.862320592247189
0.597190016978493 -0.033235725911433
0.577029005547174 0.697118066185871
0.599358974358974 -0.0166676786986816
0.60115138851239 -1.62882074351262e-16
0.399303755388532 0.149690369803146
-0.604239005118829 -0.0504952736128089
0.602564102564103 0.0167568106703319
-0.962336854811907 0.244998118166518
0.603594199466198 0.0335921412027081
0.604239005118829 0.0504952736128089
0.778114674329414 -0.153021187890576
0.604496091337297 0.0674553908646404
-0.135061574616455 0.552981925713952
0.251755169834716 0.936619010301212
-0.096123338619294 0.557439661665957
-0.237919439633428 0.524684036826875
-0.112369811627597 -0.754163642159737
-0.173931806955685 0.545172968481572
0.403463496725416 0.0224541633503511
0.219694634798225 -0.2937838696889
0.298360839435192 -0.227356215206826
0.782929888900188 -0.131607380333488
0.0268988451698406 -0.337411857166145
-0.566738042543471 0.160975717506514
0.604363278662203 0.0844615837916427
0.603838639010064 0.101502858111455
0.60292049816194 0.118568141529817
-0.30117294624292 -0.664177073808037
0.601607438087679 0.135646290929024
0.722891110310608 -0.316625510334478
-0.194536675799448 -0.156357718265023
0.599898299103527 0.15272609963627
0.63257616203846 0.62480863015672
0.597792181860922 0.169796304767145
0.356650572298988 0.286655816819209
0.595288449164449 0.186845594639475
-0.444215046090175 0.376260470985505
-0.192196194726695 -0.162794645039574
-0.206178816963914 -0.110851580327156
0.592386727616998 0.203862616252645
0.589086909090306 0.220835982827454
-0.849892670319962 0.516880073660725
0.585389152019181 0.237754281401515
0.581293882517808 0.254606080475147
0.576801795316666 0.27137993770266
-0.275444046327552 0.507929545177391
0.304773919282646 -0.219958846873431
-0.109095803439545 0.556324447651527
0.2757921145659 -0.74316553768703
0.211961101769083 -0.298404274223839
0.571913854518707 0.288064407623855
0.0338956284453937 0.99417663740094
-0.0568715560540273 1
0.566631294173553 0.304648049430575
0.560955618668623 0.321119434763015
-0.0674841671434206 -0.306712214917074
-1 0.0278091751550198
0.554888602936174 0.337467155530556
0.548432292475417 0.353679831751757
0.541589003188967 0.369746119408193
-0.604496091337297 -0.0674553908646404
-0.102579783973403 0.99910001435448
-0.481614739686498 0.88811633048981
0.53436132103301 0.38565471830672
0.386710309497259 -0.0650044550635041
0.526752101480715 0.401394379944795
-0.601607438087679 -0.135646290929024
0.603317856294393 -0.511024249991774
0.518764468798528 0.416953915373395
0.663381485090213 -0.427809695477505
0.366534272969879 0.26453200527069
-0.498697352005928 0.303293266362904
0.51040181513513 0.432322203052113
0.306377502007224 0.370139611126832
0.50166779942296 0.447488196690952
0.395125306745955 -0.688776569295902
0.492566346092342 0.462440933073362
0.48310164359837 0.477169539855037
-0.150920018982804 -0.235975906258762
-0.171051750237248 -0.206650383597313
0.47327814276086 0.491663243333002
-0.329670866825974 0.956059662339234
0.463100554917784 0.505911376179496
0.452573849892746 0.519903385135204
0.441703253777198 0.533628838656352
0.430494246528196 0.547077434510233
-0.50166779942296 -0.447488196690952
0.418952559382662 0.560239007313716
0.40708417208922 0.573103536009336
-0.299950828872188 0.494923915096773
0.394895309958837 0.585661151273574
0.382392440735571 0.597902142851957
0.221089457234756 0.458446815901608
0.369582271288947 0.609816966815666
0.356471744129503 0.621396252734346
0.343068033749286 0.632630810759864
0.0113210663628703 0.99657824845153
0.481171121315801 0.793940447134406
0.684821453247735 -0.392026518073631
0.329378542789109 0.643511638615817
0.549236363203962 -0.570572158929656
0.315410898034567 0.654029928487617
0.30117294624292 0.664177073808037
0.546681998218839 0.731043582714239
0.286672749803065 0.673944675933172
0.271918582230947 0.683324550703807
0.0787248924080678 0.987503812334425
-0.5231285289259 0.863170875734252
0.256918923502892 0.692308734887255
0.397282098028442 0.161355090719794
0.24168245522944 0.700889492494794
-0.490265231152266 0.316168334444753
-0.24168245522944 -0.700889492494794
0.226218055672425 0.709059320969897
0.210534794608082 0.716810957242532
0.194641928039182 0.724137383644857
0.178548892759215 0.73103183368377
0.133671517767456 -0.775189529504222
0.20415704131367 -0.302781129177843
0.162265300771821 0.737487797665773
0.145800933568739 0.743499028169798
0.129165736269677 0.74905954536363
0.112369811627597 0.754163642159737
-0.194641928039182 -0.724137383644857
0.095423413903023 0.758805889206363
0.350266826645346 -0.153416484388871
0.0783369426110826 0.762981139709858
0.772822087569552 -0.174250587825274
0.061120936145083 0.76668453408433
-0.0437860652805348 -0.769911504424779
0.0437860652805348 0.769911504424779
-0.417616901592211 0.920971073705178
0.0263431265636221 0.772657778800018
0.00880303558821105 0.774919385361777
0.73939516682211 -0.277183308342708
-0.0088231798344079 0.776692656266495
-0.0265243866087842 0.77797423140644
-0.0442893533872072 0.778761061946903
-0.0621067576958097 0.779050413666336
-0.729682651655405 0.685055178771207
-0.0799651931503425 0.778839870096437
-0.205751967763882 -0.0229597504526085
0.0799651931503425 -0.778839870096437
-0.0978531767570347 0.778127335459302
-0.115759156293858 0.776911037398894
-0.133671517767456 0.775189529504222
-0.151578592940927 0.772961693621748
-0.169468666927578 0.770226741954674
0.310562145619987 -0.730106732260937
-0.862789606378643 0.493904511336009
0.799679487179487 -0.0222384269268506
-0.187329985845733 0.766984218946906
-0.205150764529559 0.763234002949627
-0.22291919429091 0.758976307668563
-0.240623450727036 0.75421168339015
-0.239598397075011 0.98098651217986
-0.262264006325094 0.975715629605982
-0.526752101480715 -0.401394379944795
-0.031707150720387 0.557522123893805
-0.258251701569047 0.74894101798498
0.37649867209362 -0.0958515364904717
-0.2757921145659 0.74316553768703
0.380127937381771 -0.0857086224669031
-0.018971884727012 0.556455372805518
-0.370251256842652 0.447306526520766
-0.293232865398694 0.736886807647336
-0.356471744129503 -0.621396252734346
0.107240163184333 -0.336134253572994
-0.99427688143892 0.0830901063152588
-0.310562145619987 0.730106732260937
-0.32776817061282 0.722827555266026
-0.347424073634402 0.464588445089423
-0.536578968477977 0.235020997361674
0.25799342126209 0.425693486496927
0.227351484719048 -0.288921090108094
0.0187906246818496 0.551138920199095
-0.344839187564107 0.715051859614453
-0.163493681710307 -0.218629856512669
-0.36176348344703 0.706782567112817
-0.378529393007025 0.6980229378336
0.402513692310677 0.126338601556743
-0.395125306745955 0.688776569295902
-0.155274369449834 -0.230284239093007
-0.822615035070395 0.561604307312696
-0.543253171925256 0.220640862688809
-0.411539678899044 0.679047395415512
-0.427761035399114 0.668839685224222
0.333020500369862 0.897376488112153
-0.443777981822674 0.658158041358409
-0.0928347681297213 -0.290981891152741
-0.459579211312405 0.647007398317109
-0.20369328462214 -0.123880348232736
0.773496206009921 0.314153472083235
0.159526411901073 0.500020606061319
-0.560955618668623 -0.321119434763015
-0.47515351247058 0.635393020489945
-0.490489777217945 0.623320499955424
-0.505577008612627 0.610795754050286
-0.5204043286236 0.59782502271075
-0.534960985853302 0.584414865586659
-0.549236363203962 0.570572158929656
-0.0402015308572919 -0.319682110730458
-0.563219985482259 0.556304092256738
0.754284343842274 0.379921680463095
0.498128651611955 0.778865261148554
-0.576901526936937 0.541618164790636
-0.59027081872403 0.526522181678656
-0.0866907977797983 -0.295157452982219
0.22291919429091 -0.758976307668563
0.0442893533872072 -0.778761061946903
-0.603838639010064 -0.101502858111455
-0.603317856294393 0.511024249991774
-0.463100554917784 -0.505911376179496
-0.177940114697474 -0.194389592817737
0.115413371055194 -0.334703729276474
0.139923604070544 -0.32894918706262
-0.502496314013877 0.875944115300222
-0.616032806698252 0.495132774505907
-0.628406015801555 0.478856453267474
-0.640428015408908 0.462204272945492
0.0505794511734424 -0.339461128953571
-0.652089530287974 0.445185503972586
-0.663381485090213 0.427809695477505
-0.200383796170797 -2.30277676169129e-21
0.4281131179657 0.836410810862765
-0.148037522734026 0.550752376293272
-0.674295011162945 0.410086670011815
-0.121475484284137 -0.267890036929733
-0.684821453247735 0.392026518073631
-0.694952376060185 0.373639592431392
-0.174580084602362 -0.200552411464931
0.201353479028343 0.473365903334014
-0.522309081422696 0.263079229411582
0.372649671809406 -0.105847047127571
-0.704679570746263 0.354936502250822
-0.7139950612104 0.335928107028356
-0.677541205963457 0.740175757267539
-0.722891110310608 0.316625510334478
-0.731360225915995 0.29704005337053
-0.73939516682211 0.277183308342708
-0.60292049816194 -0.118568141529817
-0.746988948519624 0.257067071657083
-0.203332793984634 -0.0113161854979945
0.534960985853302 -0.584414865586659
-0.754134848811957 0.236703356939646
-0.335770156540744 0.472705836270474
-0.0113412106090668 0.998351519356248
-0.778146703197791 0.625430873060093
-0.40708417208922 -0.573103536009336
-0.760826413277536 0.216104387885457
0.345676568259104 0.308343856923865
-0.767057460572478 0.195282590941169
-0.772822087569552 0.174250587825274
0.291223120546484 0.389434431913193
-0.778114674329414 0.153021187890576
-0.597792181860922 -0.169796304767145
-0.782929888900188 0.131607380333488
0.24910073686158 0.434228706730025
-0.787262691941554 0.110022326254903
-0.791108341169656 0.0882793505774726
-0.7944623956192 0.06639193382425
-0.797320719719275 0.04437370376379
-0.799679487179487 0.0222384269268506
0.79795451318157 0.179917273608209
-0.801535184683186 3.2575724037224e-16
-0.802884615384615 -0.0223275588985007
0.320520334807629 0.350150484498617
0.239982687069813 0.442537418103655
-0.80372490220698 -0.0447301190550648
-0.209707963006534 -0.0721684197070088
0.427761035399114 -0.668839685224222
-0.804053490938547 -0.0671934461038178
0.191182661140999 0.480437213796501
0.791108341169656 -0.0882793505774726
-0.803868153124005 -0.089703211070657
-0.803166988748454 -0.112244999512577
-0.801948428711529 -0.134804320746446
0.298925100278748 0.379877729586568
-0.800211237089276 -0.157366617161301
0.505577008612627 -0.610795754050286
-0.79795451318157 -0.179917273608209
0.313576967247554 0.360227898300068
-0.795177693342956 -0.202441626861619
0.40442451929911 0.0337971011218009
-0.791880552594987 -0.224924975146088
-0.788063206018221 -0.247352587722206
-0.783726109922229 -0.269709714525464
-0.00880303558821105 -0.774919385361777
-0.77887006279208 -0.291981595851764
-0.773496206009921 -0.314153472083235
-0.76760602435044 -0.33621059344795
-0.712694503922349 0.70394318255842
-0.196706925114352 -0.149894141884146
0.754134848811957 -0.236703356939646
-0.31202482452273 0.487876566927626
-0.761201346249105 -0.35813822980709
-0.754284343842274 -0.379921680463095
-0.746857532778373 -0.401546283982284
-0.969169162663442 0.21852157050446
-0.514726137455365 0.276741357879682
-0.738923771799532 -0.422997428025393
-0.0186216599468942 -0.327433628318584
0.382987465537715 0.219241441500637
-0.146404571235235 -0.241570006178187
-0.226218055672425 -0.709059320969897
-0.730486262093191 -0.444260559179466
-0.721548546413364 -0.465321192784509
-0.640902760382602 0.774284981579805
-0.919467279906735 0.373439244052251
-0.712114507971386 -0.486164922748305
-0.702188369096141 -0.506777431342751
-0.691774689663897 -0.527144498975118
-0.680878365298068 -0.547252013927581
0.704679570746263 -0.354936502250822
-0.669504625339347 -0.567085982058382
-0.657659030586815 -0.586632536458039
-0.394895309958837 -0.585661151273574
-0.64534747081081 -0.605877947053933
0.0088231798344079 -0.776692656266495
-0.63257616203846 -0.62480863015672
-0.588458981855303 0.0822389105339682
-0.619351643612978 -0.643411157941953
-0.605680775027938 -0.661672267860376
-0.591570732537938 -0.679578871970341
-0.577029005547174 -0.697118066185871
-0.212496944308745 0.53399947074003
-0.562063392777646 -0.714277139433898
-0.546681998218839 -0.731043582714239
-0.530893226860881 -0.74740509805597
-0.514705780213338 -0.763349607363857
-0.498128651611955 -0.778865261148554
-0.481171121315801 -0.793940447134406
-0.938328330824856 0.322914169929902
-0.836497739028161 0.539451056510256
0.694952376060185 -0.373639592431392
-0.463842751397424 -0.808563798738667
-0.446153380428758 -0.822724203416073
-0.4281131179657 -0.836410810862765
-0.430494246528196 -0.547077434510233
-0.409732338834377 -0.849613041073627
-0.382392440735571 -0.597902142851957
-0.391021677222312 -0.862320592247189
-0.371992020577788 -0.87452344853233
-0.207619059607135 -0.0348999328414714
0.800211237089276 0.157366617161301
0.137528686243647 0.511655756988502
-0.352654503320897 -0.886211887611113
-0.333020500369862 -0.897376488112153
-0.187004096655405 -0.175566905112219
0.00628500481355108 0.553260522272024
-0.313101620486367 -0.908008136849047
0.361729513297534 0.27564426091447
0.394981740685177 0.173001567502344
0.351299004930912 0.297558424045843
-0.292909699443776 -0.918098035878476
-0.561360091958185 0.176196363856914
0.278288356396318 -0.248233502144483
-0.272456793022224 -0.927637709372688
-0.251755169834716 -0.936619010301212
-0.230817303988493 -0.945034126916723
-0.20965586758602 -0.952875589040122
-0.18828372307012 -0.960136274140019
-0.929178320523884 0.348328921367017
-0.166713915417839 -0.966809413201894
-0.144959664187805 -0.972888596382399
-0.123034355425889 -0.978367778444315
-0.100951533434144 -0.9832412839679
0.131761023218796 -0.331112133832724
-0.19969053769893 0.538097784462132
-0.0787248924080678 -0.987503812334425
0.311038520723134 -0.212347897292363
-0.250517746764297 0.519468747028443
-0.0563682679473552 -0.991150442477876
-0.0338956284453937 -0.99417663740094
-0.0113210663628703 -0.99657824845153
-0.11044674005105 -0.277549876889195
0.0113412106090668 -0.998351519356248
0.760826413277536 -0.216104387885457
0.0340768884905555 -0.999493090007363
0.0568715560540273 -1
-0.00630514905974817 0.555033793176742
0.0797107139587943 -0.99986969191643
0.102579783973403 -0.99910001435448
0.405728849308599 0.0682013954764632
0.1254641182799 -0.997689224697255
0.115759156293858 -0.776911037398894
0.148349008854066 -0.995635991621555
-0.0702422352341694 0.55856544622135
-0.583388266084066 0.821308960363743
0.761201346249105 0.35813822980709
-0.541589003188967 -0.369746119408193
0.171219696915618 -0.992939397342486
0.194061382442307 -0.989598939591969
0.216859233741778 -0.985614533329024
0.787262691941554 -0.110022326254903
0.257089361499727 -0.267076329711754
0.239598397075011 -0.98098651217986
0.262264006325094 -0.975715629605982
0.328885146985919 -0.188270531548874
0.284841192705051 -0.96980305979872
0.307315094498388 -0.96325039829873
-0.271918582230947 -0.683324550703807
0.405260362993789 0.091375308249839
-0.591736279382948 0.0660315303714556
0.344839187564107 -0.715051859614453
0.329670866825974 -0.956059662339234
0.35189369143287 -0.948233290911928
0.721548546413364 0.465321192784509
-0.145800933568739 -0.743499028169798
0.373968786488643 -0.939774144554642
0.395881416394709 -0.930685504860095
0.7139950612104 -0.335928107028356
-0.35189369143287 0.948233290911928
-0.555649566214393 0.191219973384264
0.417616901592211 -0.920971073705178
-0.548432292475417 -0.353679831751757
-0.210534794608082 -0.716810957242532
0.439160628363917 -0.910634972200464
0.333627125158281 0.329530449553355
0.386405055568734 0.207749814878865
0.460498058623622 -0.899681739359764
-0.209175044037702 -0.0849559000380734
-0.074012070300658 -0.303027247217862
0.481614739686498 -0.88811633048981
0.502496314013877 -0.875944115300222
0.5231285289259 -0.863170875734252
0.543497246275498 -0.84980280352082
-0.129165736269677 -0.74905954536363
0.563588452077175 -0.835846497448692
0.583388266084066 -0.821308960363743
0.40224358974359 0.0111860624421631
0.602882951306758 -0.806197595890468
0.37531603853747 0.242038470719005
0.622058923467394 -0.79052020487909
0.640902760382602 -0.774284981579805
-0.225242874845265 0.529527959661778
0.404618904864098 0.103010572410922
0.359828859418563 -0.134892082294089
0.76760602435044 0.33621059344795
0.659401211268792 -0.757500509545887
0.5204043286236 -0.59782502271075
0.20965586758602 0.952875589040122
0.677541205963457 -0.740175757267539
-0.981039678601653 0.16490884296848
0.695309864056079 -0.722320073538607
0.292909699443776 0.918098035878476
0.712694503922349 -0.70394318255842
0.729682651655405 -0.685055178771207
0.746262049887886 -0.665666521445743
0.76242066649861 -0.645788028998043
-0.506853300116827 0.290148524811252
0.389655271769052 -0.054455494813033
0.778146703197791 -0.625430873060093
0.793428603984736 -0.604606572297799
-0.986066402027805 0.137805741975838
0.80825506347204 -0.583326985981522
0.074687533299179 -0.339451159205975
0.822615035070395 -0.561604307312696
0.234925505072677 -0.283817298991246
0.836497739028161 -0.539451056510256
-0.178548892759215 -0.73103183368377
0.849892670319962 -0.516880073660725
0.862789606378643 -0.493904511336009
-0.26302890827044 0.513883394865869
0.18038329221011 -0.314441477287259
0.409732338834377 0.849613041073627
-0.159466062545899 -0.224500411916066
-0.160997195876768 0.548149555538407
-0.122078100113379 0.554838950580325
0.875178614665004 -0.470537826983102
0.88705006006983 -0.446793775090062
0.364310183909161 -0.125372875111446
-0.51040181513513 -0.432322203052113
-0.746262049887886 0.665666521445743
0.898394612142838 -0.422686399132787
0.909203252143239 -0.398230023307282
0.919467279906735 -0.373439244052251
0.929178320523884 -0.348328921367017
0.938328330824856 -0.322914169929902
0.946909605665729 -0.297210350022378
0.954914784011602 -0.271233058264401
0.962336854811907 -0.244998118166518
0.969169162663442 -0.21852157050446
0.97540541325675 -0.191819663522061
0.981039678601653 -0.16490884296848
0.986066402027805 -0.137805741975838
-0.392380765743147 0.42865397390578
-0.439160628363917 0.910634972200464
0.990480402956363 -0.110527170783489
-0.323967511568172 0.480469585268126
-0.18683253631212 0.541822373630727
0.99427688143892 -0.0830901063152588
0.997451422460057 -0.055511681616147
-0.208669598852547 -0.09139705452954
-0.201923076923077 -0.00561531421399422
-0.481564025505555 0.328766700632474
0.339938592099129 -0.171221956572343
1 -0.0278091751550198
