0.27 0.64
0.28 0.65
0.26 0.65
0.26 0.63
0.28 0.63
0.24 0.61
0.25 0.62
0.23 0.62
0.23 0.6
0.25 0.6
0.24 0.61
0.25 0.62
0.23 0.62
0.23 0.6
0.25 0.6
0.25 0.61
0.26 0.62
0.24 0.62
0.24 0.6
0.26 0.6
0.24 0.61
0.25 0.62
0.23 0.62
0.23 0.6
0.25 0.6
0.13 0.57
0.14 0.58
0.12 0.58
0.12 0.56
0.14 0.56
0.16 0.58
0.17 0.59
0.15 0.59
0.15 0.57
0.17 0.57
0.19 0.58
0.2 0.59
0.18 0.59
0.18 0.57
0.2 0.57
0.19 0.61
0.2 0.62
0.18 0.62
0.18 0.6
0.2 0.6
0.12 0.57
0.13 0.58
0.11 0.58
0.11 0.56
0.13 0.56
0.11 0.58
0.12 0.59
0.1 0.59
0.1 0.57
0.12 0.57
0.1 0.62
0.11 0.63
0.09 0.63
0.09 0.61
0.11 0.61
0.09 0.65
0.1 0.66
0.08 0.66
0.08 0.64
0.1 0.64
0.09 0.67
0.1 0.68
0.08 0.68
0.08 0.66
0.1 0.66
0.09 0.71
0.1 0.72
0.08 0.72
0.08 0.7
0.1 0.7
0.09 0.82
0.1 0.83
0.08 0.83
0.08 0.81
0.1 0.81
0.09 0.81
0.1 0.82
0.08 0.82
0.08 0.8
0.1 0.8
0.09 0.78
0.1 0.79
0.08 0.79
0.08 0.77
0.1 0.77
0.09 0.73
0.1 0.74
0.08 0.74
0.08 0.72
0.1 0.72
0.08 0.86
0.09 0.87
0.07 0.87
0.07 0.85
0.09 0.85
0.08 0.86
0.09 0.87
0.07 0.87
0.07 0.85
0.09 0.85
0.09 0.88
0.1 0.89
0.08 0.89
0.08 0.87
0.1 0.87
0.1 0.89
0.11 0.9
0.09 0.9
0.09 0.88
0.11 0.88
0.11 0.91
0.12 0.92
0.1 0.92
0.1 0.9
0.12 0.9
0.11 0.91
0.12 0.92
0.1 0.92
0.1 0.9
0.12 0.9
0.14 0.93
0.15 0.94
0.13 0.94
0.13 0.92
0.15 0.92
0.19 0.95
0.2 0.96
0.18 0.96
0.18 0.94
0.2 0.94
0.22 0.94
0.23 0.95
0.21 0.95
0.21 0.93
0.23 0.93
0.22 0.93
0.23 0.94
0.21 0.94
0.21 0.92
0.23 0.92
0.24 0.89
0.25 0.9
0.23 0.9
0.23 0.88
0.25 0.88
0.25 0.88
0.26 0.89
0.24 0.89
0.24 0.87
0.26 0.87
0.25 0.86
0.26 0.87
0.24 0.87
0.24 0.85
0.26 0.85
0.25 0.83
0.26 0.84
0.24 0.84
0.24 0.82
0.26 0.82
0.25 0.83
0.26 0.84
0.24 0.84
0.24 0.82
0.26 0.82
0.23 0.83
0.24 0.84
0.22 0.84
0.22 0.82
0.24 0.82
0.22 0.82
0.23 0.83
0.21 0.83
0.21 0.81
0.23 0.81
0.2 0.82
0.21 0.83
0.19 0.83
0.19 0.81
0.21 0.81
0.19 0.82
0.2 0.83
0.18 0.83
0.18 0.81
0.2 0.81
0.47 0.62
0.48 0.63
0.46 0.63
0.46 0.61
0.48 0.61
0.47 0.62
0.48 0.63
0.46 0.63
0.46 0.61
0.48 0.61
0.46 0.65
0.47 0.66
0.45 0.66
0.45 0.64
0.47 0.64
0.45 0.68
0.46 0.69
0.44 0.69
0.44 0.67
0.46 0.67
0.45 0.71
0.46 0.72
0.44 0.72
0.44 0.7
0.46 0.7
0.44 0.77
0.45 0.78
0.43 0.78
0.43 0.76
0.45 0.76
0.44 0.79
0.45 0.8
0.43 0.8
0.43 0.78
0.45 0.78
0.44 0.8
0.45 0.81
0.43 0.81
0.43 0.79
0.45 0.79
0.44 0.84
0.45 0.85
0.43 0.85
0.43 0.83
0.45 0.83
0.43 0.91
0.44 0.92
0.42 0.92
0.42 0.9
0.44 0.9
0.43 0.95
0.44 0.96
0.42 0.96
0.42 0.94
0.44 0.94
0.43 0.98
0.44 0.99
0.42 0.99
0.42 0.97
0.44 0.97
0.42 0.94
0.43 0.95
0.41 0.95
0.41 0.93
0.43 0.93
0.43 0.89
0.44 0.9
0.42 0.9
0.42 0.88
0.44 0.88
0.43 0.88
0.44 0.89
0.42 0.89
0.42 0.87
0.44 0.87
0.44 0.85
0.45 0.86
0.43 0.86
0.43 0.84
0.45 0.84
0.45 0.81
0.46 0.82
0.44 0.82
0.44 0.8
0.46 0.8
0.45 0.75
0.46 0.76
0.44 0.76
0.44 0.74
0.46 0.74
0.48 0.61
0.49 0.62
0.47 0.62
0.47 0.6
0.49 0.6
0.5 0.61
0.51 0.62
0.49 0.62
0.49 0.6
0.51 0.6
0.52 0.61
0.53 0.62
0.51 0.62
0.51 0.6
0.53 0.6
0.55 0.62
0.56 0.63
0.54 0.63
0.54 0.61
0.56 0.61
0.55 0.63
0.56 0.64
0.54 0.64
0.54 0.62
0.56 0.62
0.56 0.68
0.57 0.69
0.55 0.69
0.55 0.67
0.57 0.67
0.56 0.72
0.57 0.73
0.55 0.73
0.55 0.71
0.57 0.71
0.56 0.72
0.57 0.73
0.55 0.73
0.55 0.71
0.57 0.71
0.53 0.75
0.54 0.76
0.52 0.76
0.52 0.74
0.54 0.74
0.52 0.77
0.53 0.78
0.51 0.78
0.51 0.76
0.53 0.76
0.47 0.79
0.48 0.8
0.46 0.8
0.46 0.78
0.48 0.78
0.49 0.83
0.5 0.84
0.48 0.84
0.48 0.82
0.5 0.82
0.49 0.83
0.5 0.84
0.48 0.84
0.48 0.82
0.5 0.82
0.51 0.86
0.52 0.87
0.5 0.87
0.5 0.85
0.52 0.85
0.51 0.86
0.52 0.87
0.5 0.87
0.5 0.85
0.52 0.85
0.52 0.87
0.53 0.88
0.51 0.88
0.51 0.86
0.53 0.86
0.53 0.89
0.54 0.9
0.52 0.9
0.52 0.88
0.54 0.88
0.54 0.93
0.55 0.94
0.53 0.94
0.53 0.92
0.55 0.92
0.54 0.98
0.55 0.99
0.53 0.99
0.53 0.97
0.55 0.97
0.55 0.98
0.56 0.99
0.54 0.99
0.54 0.97
0.56 0.97
0.55 0.99
0.56 1.0
0.54 1.0
0.54 0.98
0.56 0.98
0.83 0.66
0.84 0.67
0.82 0.67
0.82 0.65
0.84 0.65
0.83 0.67
0.84 0.68
0.82 0.68
0.82 0.66
0.84 0.66
0.81 0.71
0.82 0.72
0.8 0.72
0.8 0.7
0.82 0.7
0.8 0.73
0.81 0.74
0.79 0.74
0.79 0.72
0.81 0.72
0.79 0.77
0.8 0.78
0.78 0.78
0.78 0.76
0.8 0.76
0.77 0.81
0.78 0.82
0.76 0.82
0.76 0.8
0.78 0.8
0.77 0.82
0.78 0.83
0.76 0.83
0.76 0.81
0.78 0.81
0.76 0.87
0.77 0.88
0.75 0.88
0.75 0.86
0.77 0.86
0.75 0.89
0.76 0.9
0.74 0.9
0.74 0.88
0.76 0.88
0.74 0.93
0.75 0.94
0.73 0.94
0.73 0.92
0.75 0.92
0.72 0.99
0.73 1.0
0.71 1.0
0.71 0.98
0.73 0.98
0.72 1.02
0.73 1.03
0.71 1.03
0.71 1.01
0.73 1.01
0.72 0.97
0.73 0.98
0.71 0.98
0.71 0.96
0.73 0.96
0.72 0.97
0.73 0.98
0.71 0.98
0.71 0.96
0.73 0.96
0.74 0.94
0.75 0.95
0.73 0.95
0.73 0.93
0.75 0.93
0.84 0.64
0.85 0.65
0.83 0.65
0.83 0.63
0.85 0.63
0.84 0.64
0.85 0.65
0.83 0.65
0.83 0.63
0.85 0.63
0.84 0.72
0.85 0.73
0.83 0.73
0.83 0.71
0.85 0.71
0.84 0.74
0.85 0.75
0.83 0.75
0.83 0.73
0.85 0.73
0.84 0.77
0.85 0.78
0.83 0.78
0.83 0.76
0.85 0.76
0.84 0.78
0.85 0.79
0.83 0.79
0.83 0.77
0.85 0.77
0.83 0.83
0.84 0.84
0.82 0.84
0.82 0.82
0.84 0.82
0.83 0.85
0.84 0.86
0.82 0.86
0.82 0.84
0.84 0.84
0.83 0.9
0.84 0.91
0.82 0.91
0.82 0.89
0.84 0.89
0.85 0.94
0.86 0.95
0.84 0.95
0.84 0.93
0.86 0.93
0.85 0.97
0.86 0.98
0.84 0.98
0.84 0.96
0.86 0.96
0.86 1.02
0.87 1.03
0.85 1.03
0.85 1.01
0.87 1.01
0.87 1.06
0.88 1.07
0.86 1.07
0.86 1.05
0.88 1.05
0.75 0.93
0.76 0.94
0.74 0.94
0.74 0.92
0.76 0.92
0.77 0.93
0.78 0.94
0.76 0.94
0.76 0.92
0.78 0.92
0.8 0.93
0.81 0.94
0.79 0.94
0.79 0.92
0.81 0.92
0.81 0.93
0.82 0.94
0.8 0.94
0.8 0.92
0.82 0.92
0.84 0.93
0.85 0.94
0.83 0.94
0.83 0.92
0.85 0.92
0.84 0.93
0.85 0.94
0.83 0.94
0.83 0.92
0.85 0.92
0.85 0.98
0.86 0.99
0.84 0.99
0.84 0.97
0.86 0.97
1.09 0.66
1.1 0.67
1.08 0.67
1.08 0.65
1.1 0.65
1.09 0.66
1.1 0.67
1.08 0.67
1.08 0.65
1.1 0.65
1.09 0.71
1.1 0.72
1.08 0.72
1.08 0.7
1.1 0.7
1.09 0.71
1.1 0.72
1.08 0.72
1.08 0.7
1.1 0.7
1.08 0.8
1.09 0.81
1.07 0.81
1.07 0.79
1.09 0.79
1.08 0.84
1.09 0.85
1.07 0.85
1.07 0.83
1.09 0.83
1.08 0.89
1.09 0.9
1.07 0.9
1.07 0.88
1.09 0.88
1.08 0.93
1.09 0.94
1.07 0.94
1.07 0.92
1.09 0.92
1.08 0.98
1.09 0.99
1.07 0.99
1.07 0.97
1.09 0.97
1.08 1.0
1.09 1.01
1.07 1.01
1.07 0.99
1.09 0.99
1.08 1.03
1.09 1.04
1.07 1.04
1.07 1.02
1.09 1.02
1.08 0.77
1.09 0.78
1.07 0.78
1.07 0.76
1.09 0.76
1.09 0.71
1.1 0.72
1.08 0.72
1.08 0.7
1.1 0.7
1.09 0.71
1.1 0.72
1.08 0.72
1.08 0.7
1.1 0.7
1.09 0.71
1.1 0.72
1.08 0.72
1.08 0.7
1.1 0.7
1.12 0.64
1.13 0.65
1.11 0.65
1.11 0.63
1.13 0.63
1.12 0.64
1.13 0.65
1.11 0.65
1.11 0.63
1.13 0.63
1.18 0.64
1.19 0.65
1.17 0.65
1.17 0.63
1.19 0.63
1.21 0.65
1.22 0.66
1.2 0.66
1.2 0.64
1.22 0.64
1.15 0.63
1.16 0.64
1.14 0.64
1.14 0.62
1.16 0.62
1.08 0.68
1.09 0.69
1.07 0.69
1.07 0.67
1.09 0.67
1.08 0.72
1.09 0.73
1.07 0.73
1.07 0.71
1.09 0.71
1.08 0.73
1.09 0.74
1.07 0.74
1.07 0.72
1.09 0.72
1.23 0.64
1.24 0.65
1.22 0.65
1.22 0.63
1.24 0.63
1.23 0.65
1.24 0.66
1.22 0.66
1.22 0.64
1.24 0.64
1.23 0.69
1.24 0.7
1.22 0.7
1.22 0.68
1.24 0.68
1.23 0.73
1.24 0.74
1.22 0.74
1.22 0.72
1.24 0.72
1.23 0.77
1.24 0.78
1.22 0.78
1.22 0.76
1.24 0.76
1.23 0.78
1.24 0.79
1.22 0.79
1.22 0.77
1.24 0.77
1.22 0.79
1.23 0.8
1.21 0.8
1.21 0.78
1.23 0.78
1.2 0.8
1.21 0.81
1.19 0.81
1.19 0.79
1.21 0.79
1.13 0.81
1.14 0.82
1.12 0.82
1.12 0.8
1.14 0.8
1.13 0.81
1.14 0.82
1.12 0.82
1.12 0.8
1.14 0.8
1.15 0.83
1.16 0.84
1.14 0.84
1.14 0.82
1.16 0.82
1.15 0.83
1.16 0.84
1.14 0.84
1.14 0.82
1.16 0.82
1.38 0.65
1.39 0.66
1.37 0.66
1.37 0.64
1.39 0.64
1.38 0.65
1.39 0.66
1.37 0.66
1.37 0.64
1.39 0.64
1.38 0.68
1.39 0.69
1.37 0.69
1.37 0.67
1.39 0.67
1.38 0.71
1.39 0.72
1.37 0.72
1.37 0.7
1.39 0.7
1.38 0.76
1.39 0.77
1.37 0.77
1.37 0.75
1.39 0.75
1.38 0.81
1.39 0.82
1.37 0.82
1.37 0.8
1.39 0.8
1.37 0.85
1.38 0.86
1.36 0.86
1.36 0.84
1.38 0.84
1.37 0.87
1.38 0.88
1.36 0.88
1.36 0.86
1.38 0.86
1.37 0.95
1.38 0.96
1.36 0.96
1.36 0.94
1.38 0.94
1.36 1.01
1.37 1.02
1.35 1.02
1.35 1.0
1.37 1.0
1.36 1.01
1.37 1.02
1.35 1.02
1.35 1.0
1.37 1.0
1.36 0.99
1.37 1.0
1.35 1.0
1.35 0.98
1.37 0.98
1.35 0.92
1.36 0.93
1.34 0.93
1.34 0.91
1.36 0.91
1.35 0.89
1.36 0.9
1.34 0.9
1.34 0.88
1.36 0.88
1.35 0.87
1.36 0.88
1.34 0.88
1.34 0.86
1.36 0.86
1.39 0.83
1.4 0.84
1.38 0.84
1.38 0.82
1.4 0.82
1.39 0.86
1.4 0.87
1.38 0.87
1.38 0.85
1.4 0.85
1.41 0.63
1.42 0.64
1.4 0.64
1.4 0.62
1.42 0.62
1.41 0.63
1.42 0.64
1.4 0.64
1.4 0.62
1.42 0.62
1.46 0.64
1.47 0.65
1.45 0.65
1.45 0.63
1.47 0.63
1.49 0.65
1.5 0.66
1.48 0.66
1.48 0.64
1.5 0.64
1.51 0.67
1.52 0.68
1.5 0.68
1.5 0.66
1.52 0.66
1.52 0.69
1.53 0.7
1.51 0.7
1.51 0.68
1.53 0.68
1.52 0.76
1.53 0.77
1.51 0.77
1.51 0.75
1.53 0.75
1.52 0.77
1.53 0.78
1.51 0.78
1.51 0.76
1.53 0.76
1.51 0.79
1.52 0.8
1.5 0.8
1.5 0.78
1.52 0.78
1.48 0.83
1.49 0.84
1.47 0.84
1.47 0.82
1.49 0.82
1.45 0.84
1.46 0.85
1.44 0.85
1.44 0.83
1.46 0.83
1.45 0.84
1.46 0.85
1.44 0.85
1.44 0.83
1.46 0.83
1.52 0.73
1.53 0.74
1.51 0.74
1.51 0.72
1.53 0.72
1.52 0.72
1.53 0.73
1.51 0.73
1.51 0.71
1.53 0.71
1.75 0.66
1.76 0.67
1.74 0.67
1.74 0.65
1.76 0.65
1.74 0.66
1.75 0.67
1.73 0.67
1.73 0.65
1.75 0.65
1.71 0.74
1.72 0.75
1.7 0.75
1.7 0.73
1.72 0.73
1.68 0.82
1.69 0.83
1.67 0.83
1.67 0.81
1.69 0.81
1.67 0.88
1.68 0.89
1.66 0.89
1.66 0.87
1.68 0.87
1.66 0.9
1.67 0.91
1.65 0.91
1.65 0.89
1.67 0.89
1.65 0.92
1.66 0.93
1.64 0.93
1.64 0.91
1.66 0.91
1.64 0.97
1.65 0.98
1.63 0.98
1.63 0.96
1.65 0.96
1.64 0.97
1.65 0.98
1.63 0.98
1.63 0.96
1.65 0.96
1.62 0.98
1.63 0.99
1.61 0.99
1.61 0.97
1.63 0.97
1.62 0.97
1.63 0.98
1.61 0.98
1.61 0.96
1.63 0.96
1.62 0.97
1.63 0.98
1.61 0.98
1.61 0.96
1.63 0.96
1.64 0.92
1.65 0.93
1.63 0.93
1.63 0.91
1.65 0.91
1.68 0.88
1.69 0.89
1.67 0.89
1.67 0.87
1.69 0.87
1.69 0.88
1.7 0.89
1.68 0.89
1.68 0.87
1.7 0.87
1.69 0.85
1.7 0.86
1.68 0.86
1.68 0.84
1.7 0.84
1.7 0.81
1.71 0.82
1.69 0.82
1.69 0.8
1.71 0.8
1.7 0.81
1.71 0.82
1.69 0.82
1.69 0.8
1.71 0.8
1.71 0.77
1.72 0.78
1.7 0.78
1.7 0.76
1.72 0.76
1.71 0.77
1.72 0.78
1.7 0.78
1.7 0.76
1.72 0.76
1.73 0.71
1.74 0.72
1.72 0.72
1.72 0.7
1.74 0.7
1.74 0.68
1.75 0.69
1.73 0.69
1.73 0.67
1.75 0.67
1.75 0.66
1.76 0.67
1.74 0.67
1.74 0.65
1.76 0.65
1.75 0.66
1.76 0.67
1.74 0.67
1.74 0.65
1.76 0.65
1.77 0.67
1.78 0.68
1.76 0.68
1.76 0.66
1.78 0.66
1.77 0.69
1.78 0.7
1.76 0.7
1.76 0.68
1.78 0.68
1.77 0.7
1.78 0.71
1.76 0.71
1.76 0.69
1.78 0.69
1.78 0.75
1.79 0.76
1.77 0.76
1.77 0.74
1.79 0.74
1.78 0.81
1.79 0.82
1.77 0.82
1.77 0.8
1.79 0.8
1.78 0.84
1.79 0.85
1.77 0.85
1.77 0.83
1.79 0.83
1.79 0.88
1.8 0.89
1.78 0.89
1.78 0.87
1.8 0.87
1.79 0.97
1.8 0.98
1.78 0.98
1.78 0.96
1.8 0.96
1.8 0.97
1.81 0.98
1.79 0.98
1.79 0.96
1.81 0.96
1.8 1.03
1.81 1.04
1.79 1.04
1.79 1.02
1.81 1.02
1.79 0.95
1.8 0.96
1.78 0.96
1.78 0.94
1.8 0.94
1.79 0.95
1.8 0.96
1.78 0.96
1.78 0.94
1.8 0.94
1.79 0.84
1.8 0.85
1.78 0.85
1.78 0.83
1.8 0.83
1.79 0.82
1.8 0.83
1.78 0.83
1.78 0.81
1.8 0.81
1.79 0.7
1.8 0.71
1.78 0.71
1.78 0.69
1.8 0.69
1.79 0.76
1.8 0.77
1.78 0.77
1.78 0.75
1.8 0.75
1.79 0.8
1.8 0.81
1.78 0.81
1.78 0.79
1.8 0.79
1.78 0.86
1.79 0.87
1.77 0.87
1.77 0.85
1.79 0.85
1.78 0.88
1.79 0.89
1.77 0.89
1.77 0.87
1.79 0.87
1.78 0.91
1.79 0.92
1.77 0.92
1.77 0.9
1.79 0.9
1.78 0.94
1.79 0.95
1.77 0.95
1.77 0.93
1.79 0.93
1.78 1.0
1.79 1.01
1.77 1.01
1.77 0.99
1.79 0.99
1.69 0.88
1.7 0.89
1.68 0.89
1.68 0.87
1.7 0.87
1.69 0.88
1.7 0.89
1.68 0.89
1.68 0.87
1.7 0.87
1.69 0.88
1.7 0.89
1.68 0.89
1.68 0.87
1.7 0.87
1.72 0.89
1.73 0.9
1.71 0.9
1.71 0.88
1.73 0.88
1.72 0.89
1.73 0.9
1.71 0.9
1.71 0.88
1.73 0.88
1.73 0.89
1.74 0.9
1.72 0.9
1.72 0.88
1.74 0.88
1.74 0.9
1.75 0.91
1.73 0.91
1.73 0.89
1.75 0.89
1.75 0.9
1.76 0.91
1.74 0.91
1.74 0.89
1.76 0.89
1.75 0.9
1.76 0.91
1.74 0.91
1.74 0.89
1.76 0.89
1.75 0.9
1.76 0.91
1.74 0.91
1.74 0.89
1.76 0.89
