0.6 0.71
0.61 0.72
0.59 0.72
0.59 0.7
0.61 0.7
0.63 0.68
0.64 0.69
0.62 0.69
0.62 0.67
0.64 0.67
0.67 0.66
0.68 0.67
0.66 0.67
0.66 0.65
0.68 0.65
0.71 0.67
0.72 0.68
0.7 0.68
0.7 0.66
0.72 0.66
0.72 0.69
0.73 0.7
0.71 0.7
0.71 0.68
0.73 0.68
0.73 0.72
0.74 0.73
0.72 0.73
0.72 0.71
0.74 0.71
0.73 0.73
0.74 0.74
0.72 0.74
0.72 0.72
0.74 0.72
0.73 0.78
0.74 0.79
0.72 0.79
0.72 0.77
0.74 0.77
0.74 0.79
0.75 0.8
0.73 0.8
0.73 0.78
0.75 0.78
0.74 0.83
0.75 0.84
0.73 0.84
0.73 0.82
0.75 0.82
0.74 0.86
0.75 0.87
0.73 0.87
0.73 0.85
0.75 0.85
0.74 0.87
0.75 0.88
0.73 0.88
0.73 0.86
0.75 0.86
0.74 0.89
0.75 0.9
0.73 0.9
0.73 0.88
0.75 0.88
0.73 0.94
0.74 0.95
0.72 0.95
0.72 0.93
0.74 0.93
0.73 0.99
0.74 1.0
0.72 1.0
0.72 0.98
0.74 0.98
0.62 0.71
0.63 0.72
0.61 0.72
0.61 0.7
0.63 0.7
0.62 0.71
0.63 0.72
0.61 0.72
0.61 0.7
0.63 0.7
0.73 1.02
0.74 1.03
0.72 1.03
0.72 1.01
0.74 1.01
0.73 1.02
0.74 1.03
0.72 1.03
0.72 1.01
0.74 1.01
0.71 1.09
0.72 1.1
0.7 1.1
0.7 1.08
0.72 1.08
0.71 1.05
0.72 1.06
0.7 1.06
0.7 1.04
0.72 1.04
0.74 1.05
0.75 1.06
0.73 1.06
0.73 1.04
0.75 1.04
0.74 1.08
0.75 1.09
0.73 1.09
0.73 1.07
0.75 1.07
0.74 1.12
0.75 1.13
0.73 1.13
0.73 1.11
0.75 1.11
0.75 1.18
0.76 1.19
0.74 1.19
0.74 1.17
0.76 1.17
0.74 1.14
0.75 1.15
0.73 1.15
0.73 1.13
0.75 1.13
1.14 1.61
1.15 1.62
1.13 1.62
1.13 1.6
1.15 1.6
1.14 1.61
1.15 1.62
1.13 1.62
1.13 1.6
1.15 1.6
1.16 1.61
1.17 1.62
1.15 1.62
1.15 1.6
1.17 1.6
1.17 1.61
1.18 1.62
1.16 1.62
1.16 1.6
1.18 1.6
1.22 1.63
1.23 1.64
1.21 1.64
1.21 1.62
1.23 1.62
1.24 1.64
1.25 1.65
1.23 1.65
1.23 1.63
1.25 1.63
1.24 1.64
1.25 1.65
1.23 1.65
1.23 1.63
1.25 1.63
1.28 1.62
1.29 1.63
1.27 1.63
1.27 1.61
1.29 1.61
1.31 1.61
1.32 1.62
1.3 1.62
1.3 1.6
1.32 1.6
1.31 1.61
1.32 1.62
1.3 1.62
1.3 1.6
1.32 1.6
1.33 1.6
1.34 1.61
1.32 1.61
1.32 1.59
1.34 1.59
1.35 1.59
1.36 1.6
1.34 1.6
1.34 1.58
1.36 1.58
1.37 1.59
1.38 1.6
1.36 1.6
1.36 1.58
1.38 1.58
1.4 1.59
1.41 1.6
1.39 1.6
1.39 1.58
1.41 1.58
1.41 1.62
1.42 1.63
1.4 1.63
1.4 1.61
1.42 1.61
1.42 1.63
1.43 1.64
1.41 1.64
1.41 1.62
1.43 1.62
1.44 1.65
1.45 1.66
1.43 1.66
1.43 1.64
1.45 1.64
1.49 1.71
1.5 1.72
1.48 1.72
1.48 1.7
1.5 1.7
1.46 1.69
1.47 1.7
1.45 1.7
1.45 1.68
1.47 1.68
1.46 1.69
1.47 1.7
1.45 1.7
1.45 1.68
1.47 1.68
1.52 1.71
1.53 1.72
1.51 1.72
1.51 1.7
1.53 1.7
1.55 1.73
1.56 1.74
1.54 1.74
1.54 1.72
1.56 1.72
1.64 1.75
1.65 1.76
1.63 1.76
1.63 1.74
1.65 1.74
1.58 1.73
1.59 1.74
1.57 1.74
1.57 1.72
1.59 1.72
1.58 1.73
1.59 1.74
1.57 1.74
1.57 1.72
1.59 1.72
1.62 1.74
1.63 1.75
1.61 1.75
1.61 1.73
1.63 1.73
1.65 0.8
1.66 0.81
1.64 0.81
1.64 0.79
1.66 0.79
1.69 0.88
1.7 0.89
1.68 0.89
1.68 0.87
1.7 0.87
1.66 0.82
1.67 0.83
1.65 0.83
1.65 0.81
1.67 0.81
1.67 0.84
1.68 0.85
1.66 0.85
1.66 0.83
1.68 0.83
1.68 0.86
1.69 0.87
1.67 0.87
1.67 0.85
1.69 0.85
1.68 0.86
1.69 0.87
1.67 0.87
1.67 0.85
1.69 0.85
1.69 0.91
1.7 0.92
1.68 0.92
1.68 0.9
1.7 0.9
1.7 0.97
1.71 0.98
1.69 0.98
1.69 0.96
1.71 0.96
1.7 1.05
1.71 1.06
1.69 1.06
1.69 1.04
1.71 1.04
1.7 1.02
1.71 1.03
1.69 1.03
1.69 1.01
1.71 1.01
1.7 1.02
1.71 1.03
1.69 1.03
1.69 1.01
1.71 1.01
1.69 0.96
1.7 0.97
1.68 0.97
1.68 0.95
1.7 0.95
1.61 0.72
1.62 0.73
1.6 0.73
1.6 0.71
1.62 0.71
1.61 0.72
1.62 0.73
1.6 0.73
1.6 0.71
1.62 0.71
1.63 0.75
1.64 0.76
1.62 0.76
1.62 0.74
1.64 0.74
1.65 0.81
1.66 0.82
1.64 0.82
1.64 0.8
1.66 0.8
1.59 0.73
1.6 0.74
1.58 0.74
1.58 0.72
1.6 0.72
1.59 0.73
1.6 0.74
1.58 0.74
1.58 0.72
1.6 0.72
1.58 0.73
1.59 0.74
1.57 0.74
1.57 0.72
1.59 0.72
1.57 0.74
1.58 0.75
1.56 0.75
1.56 0.73
1.58 0.73
1.51 0.77
1.52 0.78
1.5 0.78
1.5 0.76
1.52 0.76
1.49 0.79
1.5 0.8
1.48 0.8
1.48 0.78
1.5 0.78
1.47 0.81
1.48 0.82
1.46 0.82
1.46 0.8
1.48 0.8
1.33 0.87
1.34 0.88
1.32 0.88
1.32 0.86
1.34 0.86
1.32 0.9
1.33 0.91
1.31 0.91
1.31 0.89
1.33 0.89
1.34 0.88
1.35 0.89
1.33 0.89
1.33 0.87
1.35 0.87
1.39 0.85
1.4 0.86
1.38 0.86
1.38 0.84
1.4 0.84
1.41 0.83
1.42 0.84
1.4 0.84
1.4 0.82
1.42 0.82
1.46 0.8
1.47 0.81
1.45 0.81
1.45 0.79
1.47 0.79
1.5 0.76
1.51 0.77
1.49 0.77
1.49 0.75
1.51 0.75
1.55 0.73
1.56 0.74
1.54 0.74
1.54 0.72
1.56 0.72
1.03 0.33
1.04 0.34
1.02 0.34
1.02 0.32
1.04 0.32
1.02 0.33
1.03 0.34
1.01 0.34
1.01 0.32
1.03 0.32
1.02 0.41
1.03 0.42
1.01 0.42
1.01 0.4
1.03 0.4
1.04 0.42
1.05 0.43
1.03 0.43
1.03 0.41
1.05 0.41
1.22 0.45
1.23 0.46
1.21 0.46
1.21 0.44
1.23 0.44
1.25 0.45
1.26 0.46
1.24 0.46
1.24 0.44
1.26 0.44
1.26 0.43
1.27 0.44
1.25 0.44
1.25 0.42
1.27 0.42
1.17 0.45
1.18 0.46
1.16 0.46
1.16 0.44
1.18 0.44
1.16 0.45
1.17 0.46
1.15 0.46
1.15 0.44
1.17 0.44
1.12 0.45
1.13 0.46
1.11 0.46
1.11 0.44
1.13 0.44
1.11 0.45
1.12 0.46
1.1 0.46
1.1 0.44
1.12 0.44
1.06 0.43
1.07 0.44
1.05 0.44
1.05 0.42
1.07 0.42
1.01 0.35
1.02 0.36
1.0 0.36
1.0 0.34
1.02 0.34
1.01 0.35
1.02 0.36
1.0 0.36
1.0 0.34
1.02 0.34
1.02 0.37
1.03 0.38
1.01 0.38
1.01 0.36
1.03 0.36
1.29 0.22
1.3 0.23
1.28 0.23
1.28 0.21
1.3 0.21
1.3 0.23
1.31 0.24
1.29 0.24
1.29 0.22
1.31 0.22
1.25 0.36
1.26 0.37
1.24 0.37
1.24 0.35
1.26 0.35
1.27 0.24
1.28 0.25
1.26 0.25
1.26 0.23
1.28 0.23
1.27 0.26
1.28 0.27
1.26 0.27
1.26 0.25
1.28 0.25
1.26 0.34
1.27 0.35
1.25 0.35
1.25 0.33
1.27 0.33
1.25 0.31
1.26 0.32
1.24 0.32
1.24 0.3
1.26 0.3
1.25 0.31
1.26 0.32
1.24 0.32
1.24 0.3
1.26 0.3
1.3 0.31
1.31 0.32
1.29 0.32
1.29 0.3
1.31 0.3
1.29 0.39
1.3 0.4
1.28 0.4
1.28 0.38
1.3 0.38
1.29 0.4
1.3 0.41
1.28 0.41
1.28 0.39
1.3 0.39
1.3 0.31
1.31 0.32
1.29 0.32
1.29 0.3
1.31 0.3
1.32 0.25
1.33 0.26
1.31 0.26
1.31 0.24
1.33 0.24
0.16 1.45
0.17 1.46
0.15 1.46
0.15 1.44
0.17 1.44
0.15 1.47
0.16 1.48
0.14 1.48
0.14 1.46
0.16 1.46
0.11 1.55
0.12 1.56
0.1 1.56
0.1 1.54
0.12 1.54
0.11 1.58
0.12 1.59
0.1 1.59
0.1 1.57
0.12 1.57
0.13 1.67
0.14 1.68
0.12 1.68
0.12 1.66
0.14 1.66
0.14 1.68
0.15 1.69
0.13 1.69
0.13 1.67
0.15 1.67
0.17 1.72
0.18 1.73
0.16 1.73
0.16 1.71
0.18 1.71
0.23 1.77
0.24 1.78
0.22 1.78
0.22 1.76
0.24 1.76
0.23 1.77
0.24 1.78
0.22 1.78
0.22 1.76
0.24 1.76
0.34 1.83
0.35 1.84
0.33 1.84
0.33 1.82
0.35 1.82
0.34 1.83
0.35 1.84
0.33 1.84
0.33 1.82
0.35 1.82
0.52 1.83
0.53 1.84
0.51 1.84
0.51 1.82
0.53 1.82
0.14 1.51
0.15 1.52
0.13 1.52
0.13 1.5
0.15 1.5
0.12 1.52
0.13 1.53
0.11 1.53
0.11 1.51
0.13 1.51
0.09 1.57
0.1 1.58
0.08 1.58
0.08 1.56
0.1 1.56
0.08 1.61
0.09 1.62
0.07 1.62
0.07 1.6
0.09 1.6
0.11 1.66
0.12 1.67
0.1 1.67
0.1 1.65
0.12 1.65
0.16 1.73
0.17 1.74
0.15 1.74
0.15 1.72
0.17 1.72
0.16 1.73
0.17 1.74
0.15 1.74
0.15 1.72
0.17 1.72
0.23 1.76
0.24 1.77
0.22 1.77
0.22 1.75
0.24 1.75
0.23 1.77
0.24 1.78
0.22 1.78
0.22 1.76
0.24 1.76
0.24 1.77
0.25 1.78
0.23 1.78
0.23 1.76
0.25 1.76
0.25 1.77
0.26 1.78
0.24 1.78
0.24 1.76
0.26 1.76
0.49 1.95
0.5 1.96
0.48 1.96
0.48 1.94
0.5 1.94
0.23 1.75
0.24 1.76
0.22 1.76
0.22 1.74
0.24 1.74
0.23 1.75
0.24 1.76
0.22 1.76
0.22 1.74
0.24 1.74
0.28 1.78
0.29 1.79
0.27 1.79
0.27 1.77
0.29 1.77
0.28 1.78
0.29 1.79
0.27 1.79
0.27 1.77
0.29 1.77
0.36 1.88
0.37 1.89
0.35 1.89
0.35 1.87
0.37 1.87
0.34 1.82
0.35 1.83
0.33 1.83
0.33 1.81
0.35 1.81
0.31 1.81
0.32 1.82
0.3 1.82
0.3 1.8
0.32 1.8
0.32 1.81
0.33 1.82
0.31 1.82
0.31 1.8
0.33 1.8
0.35 1.82
0.36 1.83
0.34 1.83
0.34 1.81
0.36 1.81
0.35 1.82
0.36 1.83
0.34 1.83
0.34 1.81
0.36 1.81
0.39 1.83
0.4 1.84
0.38 1.84
0.38 1.82
0.4 1.82
0.43 1.83
0.44 1.84
0.42 1.84
0.42 1.82
0.44 1.82
0.46 1.83
0.47 1.84
0.45 1.84
0.45 1.82
0.47 1.82
0.46 1.83
0.47 1.84
0.45 1.84
0.45 1.82
0.47 1.82
0.53 1.84
0.54 1.85
0.52 1.85
0.52 1.83
0.54 1.83
0.53 1.84
0.54 1.85
0.52 1.85
0.52 1.83
0.54 1.83
0.53 1.89
0.54 1.9
0.52 1.9
0.52 1.88
0.54 1.88
0.53 1.9
0.54 1.91
0.52 1.91
0.52 1.89
0.54 1.89
0.5 1.95
0.51 1.96
0.49 1.96
0.49 1.94
0.51 1.94
0.49 1.85
0.5 1.86
0.48 1.86
0.48 1.84
0.5 1.84
0.51 1.95
0.52 1.96
0.5 1.96
0.5 1.94
0.52 1.94
0.12 1.47
0.13 1.48
0.11 1.48
0.11 1.46
0.13 1.46
0.08 1.53
0.09 1.54
0.07 1.54
0.07 1.52
0.09 1.52
0.12 1.64
0.13 1.65
0.11 1.65
0.11 1.63
0.13 1.63
0.12 1.65
0.13 1.66
0.11 1.66
0.11 1.64
0.13 1.64
0.17 1.71
0.18 1.72
0.16 1.72
0.16 1.7
0.18 1.7
0.18 1.72
0.19 1.73
0.17 1.73
0.17 1.71
0.19 1.71
0.19 1.72
0.2 1.73
0.18 1.73
0.18 1.71
0.2 1.71
